"Subject"	"Observer"	"BNcor"	"BPcor"	"BNfa"	"BPfa"	"APT_BlackC"	"APT_BlackA"	"WPcor"	"WNcor"	"WPfa"	"WNfa"	"APT_WhiteC"	"APT_WhiteA"	"APT_DiffA"	"APT_MeanC"	"APT_AResid"	"BGcor"	"BTcor"	"BGfa"	"BTfa"	"WIT_BlackC"	"WIT_BlackA"	"WTcor"	"WGcor"	"WTfa"	"WGfa"	"WIT_WhiteC"	"WIT_WhiteA"	"WIT_DiffA"	"WIT_MeanC"	"WIT_AResid"	"WIT_MeanC.stand"	"WIT_AResid.stand"	"WIT_DiffA.stand"	"AP_MeanC.stand"	"AP_AResid.stand"	"AP_DiffA.stand"
2	"Absent"	34	35	8	8	0.541666666666667	0.363636363636364	37	34	5	9	0.583333333333333	0.45	-0.0863636363636364	0.5625	-0.024095307165956	42	37	5	5	0.770833333333333	0.454545454545455	37	31	8	14	0.479166666666667	0.56	-0.105454545454546	0.625	-0.0290004177148513	0.898879176965774	-0.182226002150483	-0.610893610884713	1.00836025427761	-0.170313401831142	-0.0609936763991168
3	"Present"	31	25	14	21	0.208333333333333	0.552631578947368	22	35	25	10	0.25	0.277777777777778	0.274853801169591	0.229166666666667	0.223671911457745	23	28	21	9	0.291666666666667	0.264705882352941	29	11	12	33	-0.0833333333333334	0.634615384615385	-0.369909502262443	0.104166666666667	-0.223749686549002	-1.27075165287908	-1.33543165427105	-1.77241754776862	-0.48758808356013	1.57770545331618	1.90472494756421
4	"Absent"	31	24	8	13	0.375	0.433333333333333	36	31	6	9	0.5625	0.428571428571429	0.00476190476190474	0.46875	0.0529143081044849	36	26	3	11	0.520833333333333	0.478260869565217	27	33	5	6	0.4375	0.222222222222222	0.256038647342995	0.479166666666667	0.0169407947020785	0.291382544609215	0.089814381577955	0.976836116412239	0.587624784260743	0.372996000712616	0.43490478999963
5	"Present"	37	30	0	2	0.729166666666667	0.153846153846154	35	31	2	2	0.6875	0.133333333333333	0.0205128205128206	0.708333333333333	-0.125820865703792	41	31	3	2	0.8125	0.222222222222222	42	33	1	5	0.770833333333333	0.454545454545455	-0.232323232323232	0.791666666666667	-0.254384734821986	1.59316104251613	-1.51683675547057	-1.16811900161941	1.66283765208162	-0.887995891719333	0.520620110520956
6	"Absent"	40	32	3	10	0.625	0.555555555555556	41	34	3	8	0.6875	0.533333333333333	0.0222222222222223	0.65625	0.139385818634193	37	30	5	6	0.645833333333333	0.352941176470588	34	35	4	7	0.5625	0.333333333333333	0.0196078431372549	0.604166666666667	-0.11569001595741	0.81209394377198	-0.695557504095764	-0.0616017401379963	1.42909572429447	0.983059881151	0.529922548406991
8	"Absent"	20	32	8	2	0.375	0.0666666666666667	28	23	5	3	0.520833333333333	0.130434782608696	-0.063768115942029	0.447916666666667	-0.212011202757399	32	21	3	7	0.520833333333333	0.304347826086956	27	36	2	3	0.5	0.125	0.179347826086956	0.510416666666667	-0.150575020906931	0.421560394399906	-0.902128676983203	0.639999077305875	0.494128013145885	-1.49607606930743	0.0619694773573008
10	"Absent"	35	30	6	11	0.5	0.458333333333333	35	28	8	8	0.5625	0.380952380952381	0.0773809523809524	0.53125	0.0941646316010822	27	33	14	8	0.395833333333333	0.275862068965517	30	27	14	15	0.3125	0.454545454545455	-0.178683385579937	0.354166666666667	-0.200744888078691	-0.229328854553549	-1.19920899330461	-0.932525134462746	0.868115097605319	0.664020550503808	0.830092285193881
11	"Present"	32	31	3	7	0.520833333333333	0.304347826086956	38	35	0	4	0.708333333333333	0.285714285714286	0.0186335403726708	0.614583333333333	-0.0273202286521003	44	24	1	11	0.6875	0.733333333333333	37	34	7	6	0.645833333333333	0.352941176470588	0.380392156862745	0.666666666666667	0.263411943688007	1.07244964335336	1.54929057780068	1.5230144890401	1.24210218206475	-0.193065497913358	0.510393206758047
12	"Absent"	23	24	19	15	0.166666666666667	0.375	25	17	12	24	0.0208333333333334	0.51063829787234	-0.13563829787234	0.09375	-0.0334249018931967	33	23	13	11	0.458333333333333	0.423076923076923	32	20	9	22	0.208333333333333	0.578947368421053	-0.155870445344129	0.333333333333333	-0.0617156871260266	-0.316114087747343	-0.375949109926273	-0.832327443050817	-1.09531709580671	-0.236134488190707	-0.329142746052596
13	"Present"	32	34	6	7	0.520833333333333	0.304347826086956	39	27	2	8	0.645833333333333	0.470588235294118	-0.166240409207161	0.583333333333333	-0.0904097198741835	27	30	9	9	0.375	0.3	31	31	7	8	0.479166666666667	0.32	-0.02	0.427083333333333	-0.167753858320215	0.0744194616247303	-1.00385297366711	-0.235565043558636	1.10185702539247	-0.638167238290661	-0.495677176378715
14	"Absent"	17	26	27	18	-0.0208333333333333	0.36734693877551	26	22	17	17	0.1875	0.435897435897436	-0.0685504971219257	0.0833333333333333	-0.0155721362220454	35	31	6	13	0.458333333333333	0.5	35	29	9	12	0.479166666666667	0.48	0.0199999999999999	0.46875	0.0217181323863879	0.247989928012318	0.118103334099394	-0.0598793311932379	-1.14206548136414	-0.110181704028831	0.0359441120914007
15	"Present"	19	15	2	4	0.3125	0.121212121212121	18	14	2	4	0.291666666666667	0.117647058823529	0.00356506238859178	0.302083333333333	-0.153101850597769	41	19	4	19	0.458333333333333	0.730769230769231	30	24	4	19	0.229166666666667	0.513513513513513	0.217255717255717	0.34375	0.250282172019839	-0.272721471150446	1.47154277936516	0.806495948912217	-0.160349384658125	-1.08046556646709	0.428391662174915
16	"Absent"	23	31	24	16	0.145833333333333	0.390243902439024	26	23	21	21	0.104166666666667	0.488372093023256	-0.0981281905842314	0.125	-0.0105825057855507	32	36	12	10	0.458333333333333	0.384615384615385	39	24	7	21	0.375	0.7	-0.315384615384615	0.416666666666667	-0.108142495776648	0.031026845027833	-0.65086494640837	-1.53293645794927	-0.955071939134423	-0.0749794358205565	-0.125015511812095
17	"Present"	17	25	6	8	0.1875	0.205128205128205	23	26	5	7	0.333333333333333	0.21875	-0.0136217948717949	0.260416666666667	-0.103687832193762	19	22	16	8	0.229166666666667	0.216216216216216	32	22	9	15	0.354166666666667	0.483870967741935	-0.267654751525719	0.291666666666667	-0.262320361299655	-0.489684554134931	-1.56382748032387	-1.32330007962043	-0.347342926887842	-0.731845452964563	0.334862053984187
18	"Absent"	27	24	7	15	0.25	0.416666666666667	28	25	11	8	0.416666666666667	0.285714285714286	0.130952380952381	0.333333333333333	0.0849986119276099	32	29	7	11	0.4375	0.407407407407407	29	31	14	10	0.395833333333333	0.344827586206897	0.0625798212005109	0.416666666666667	-0.0619801075273002	0.031026845027833	-0.37751487242238	0.127137324306838	-0.0201042279858374	0.599353500097051	1.12162404394374
20	"Absent"	24	29	23	18	0.125	0.428571428571429	34	27	13	17	0.354166666666667	0.548387096774194	-0.119815668202765	0.239583333333333	0.00726449260920657	35	28	9	13	0.458333333333333	0.5	32	32	10	14	0.375	0.466666666666667	0.0333333333333332	0.416666666666667	0.022595466494171	0.031026845027833	0.123298458363276	-0.00131742707143862	-0.440839698002701	0.0509326597145683	-0.243037163681042
21	"Present"	34	30	6	3	0.645833333333333	0.176470588235294	34	32	7	4	0.625	0.222222222222222	-0.0457516339869281	0.635416666666667	-0.1335303685083	44	32	3	5	0.8125	0.555555555555556	30	39	8	6	0.5	0.25	0.305555555555556	0.65625	0.0924077013012019	1.02905702675646	0.536690838466111	1.19432144874863	1.33559895317961	-0.942387091414553	0.160013841879939
22	"Absent"	26	26	18	18	0.166666666666667	0.45	31	15	16	29	0.0416666666666667	0.630434782608696	-0.180434782608696	0.104166666666667	0.00069373386166347	33	7	11	31	0.0416666666666666	0.673913043478261	25	19	10	23	0.0416666666666667	0.5	0.173913043478261	0.0416666666666667	0.194315174702974	-1.53110735246046	1.14013482068887	0.61612873595188	-1.04856871024928	0.00457539644491143	-0.57292190836461
23	"Present"	42	15	3	29	0.270833333333333	0.828571428571429	35	19	9	23	0.25	0.638888888888889	0.18968253968254	0.260416666666667	0.376380141232609	40	20	5	21	0.395833333333333	0.724137931034483	40	25	5	15	0.520833333333333	0.652173913043478	0.0719640179910045	0.458333333333333	0.234527009942107	0.204597311415421	1.37824876051269	0.168354056759712	-0.347342926887843	2.65507503620698	1.44122923131395
24	"Absent"	29	27	14	19	0.208333333333333	0.5	39	19	7	27	0.25	0.75	-0.25	0.229166666666667	0.00989129116912052	37	20	9	23	0.291666666666667	0.676470588235294	22	34	20	10	0.25	0.277777777777778	0.398692810457516	0.270833333333333	0.211494954589726	-0.576469787328725	1.24186469821904	1.60339357312885	-0.487588083560131	0.0694649475487272	-0.951490684944135
25	"Present"	24	23	9	12	0.25	0.333333333333333	31	18	7	9	0.458333333333333	0.346153846153846	-0.0128205128205129	0.354166666666667	-0.0189601319975584	34	27	9	6	0.583333333333333	0.3	31	27	4	11	0.416666666666667	0.392857142857143	-0.0928571428571429	0.5	-0.17254786255203	0.378167777803009	-1.03224061696618	-0.555564019652753	0.0733925431290211	-0.134084303128314	0.339222571743266
26	"Absent"	22	32	22	9	0.270833333333333	0.257142857142857	20	31	22	15	0.104166666666667	0.348837209302326	-0.0916943521594685	0.1875	-0.096066324091689	27	33	14	9	0.375	0.3	29	30	13	11	0.375	0.366666666666667	-0.0666666666666667	0.375	-0.170824527697456	-0.142543621359755	-1.0220359085907	-0.440531707984933	-0.674581625789848	-0.67807506339856	-0.0900030381577356
27	"Present"	30	24	6	7	0.479166666666667	0.28	30	29	4	6	0.5	0.25	0.03	0.489583333333333	-0.0394803121166089	35	18	2	7	0.583333333333333	0.35	31	29	5	9	0.458333333333333	0.346153846153846	0.00384615384615378	0.520833333333333	-0.119474782916251	0.464953010996803	-0.717968959989916	-0.130829330417725	0.681121555375602	-0.278855923677507	0.572248640788451
28	"Absent"	26	39	18	8	0.375	0.266666666666667	35	40	10	7	0.583333333333333	0.35	-0.0833333333333333	0.479166666666667	-0.0869393247927963	29	23	15	17	0.25	0.472222222222222	24	32	20	15	0.1875	0.384615384615385	0.0876068376068376	0.21875	0.00021666784121238	-0.793432870313211	-0.00921735157405275	0.237059554449989	0.634373169818172	-0.613683305061832	-0.0445029910556904
29	"Present"	28	17	11	24	0.0833333333333334	0.545454545454546	32	30	11	11	0.4375	0.407407407407407	0.138047138047138	0.260416666666667	0.172257886224185	31	20	12	21	0.208333333333333	0.552631578947368	26	27	18	19	0.145833333333333	0.463414634146341	0.0892169448010271	0.177083333333333	0.0754410293702672	-0.967003336700799	0.436222877350982	0.244131375184885	-0.347342926887842	1.21497512108535	1.16023318820017
30	"Absent"	17	24	20	19	-0.0416666666666666	0.38	36	16	7	27	0.1875	0.692307692307692	-0.312307692307692	0.0729166666666667	-0.0904208169023097	27	26	12	11	0.333333333333333	0.34375	35	17	8	25	0.208333333333333	0.657894736842105	-0.314144736842105	0.270833333333333	-0.146237351630613	-0.576469787328725	-0.876443216100987	-1.52749073432458	-1.18881386692157	-0.638245528770363	-1.29056454589012
32	"Absent"	30	23	4	14	0.333333333333333	0.4375	33	13	4	12	0.4375	0.444444444444444	-0.00694444444444442	0.385416666666667	0.0516642002722859	28	17	15	28	0	0.583333333333333	29	20	16	24	0.104166666666667	0.558139534883721	0.0251937984496124	0.0520833333333333	0.0999098797857368	-1.48771473586356	0.5811149057983	-0.0370674266806759	0.213637699801309	0.364176383356496	0.371199701976513
33	"Present"	29	21	13	19	0.208333333333333	0.5	31	28	16	19	0.25	0.527777777777778	-0.0277777777777778	0.229166666666667	0.0857261341532408	31	18	8	23	0.166666666666667	0.575	31	15	7	22	0.1875	0.564102564102564	0.010897435897436	0.177083333333333	0.0911841787834486	-0.967003336700799	0.52944576334251	-0.099859092661004	-0.48758808356013	0.604486231436595	0.257826240240457
34	"Absent"	23	27	21	19	0.0833333333333334	0.431818181818182	35	17	13	30	0.104166666666667	0.697674418604651	-0.265856236786469	0.09375	-0.0404340668914367	38	31	8	12	0.541666666666667	0.545454545454545	41	29	5	15	0.541666666666667	0.681818181818182	-0.136363636363636	0.541666666666667	0.0538930297549439	0.551738244190597	0.308626634771789	-0.746650752257975	-1.09531709580671	-0.285584744943075	-1.03777915476439
35	"Present"	18	20	2	1	0.354166666666667	0.032258064516129	18	17	2	3	0.3125	0.0909090909090909	-0.0586510263929619	0.333333333333333	-0.232931394100485	42	25	0	6	0.75	0.5	31	35	4	6	0.520833333333333	0.260869565217391	0.239130434782609	0.635416666666667	0.0361369277229971	0.942271793562671	0.203484072001459	0.902572832199813	-0.0201042279858374	-1.64366980315219	0.0898163008544749
36	"Absent"	21	27	23	17	0.0833333333333333	0.386363636363636	19	22	20	22	-0.0625	0.431372549019608	-0.0450089126559715	0.0104166666666667	0.00498870975263522	28	25	14	21	0.145833333333333	0.51219512195122	21	23	18	18	0.0625	0.4	0.11219512195122	0.104166666666667	0.0391772589843061	-1.27075165287908	0.221487360105437	0.345054810722131	-1.46930418026615	0.0348768175995161	0.164055676522936
38	"Absent"	33	21	13	21	0.25	0.583333333333333	25	29	17	13	0.25	0.361111111111111	0.222222222222222	0.25	0.225935599724664	30	20	16	16	0.291666666666667	0.470588235294118	19	28	16	14	0.104166666666667	0.325581395348837	0.14500683994528	0.197916666666667	0.00246712083576102	-0.880218103507005	0.00410868106617898	0.48916856196511	-0.394091312445272	1.5936759670699	1.61830778107312
39	"Present"	23	32	9	5	0.375	0.166666666666667	32	24	2	6	0.541666666666667	0.272727272727273	-0.106060606060606	0.458333333333333	-0.160569481664227	36	32	7	10	0.541666666666667	0.454545454545455	33	40	7	8	0.520833333333333	0.347826086956522	0.106719367588933	0.53125	-0.0150393619127425	0.508345627593701	-0.0995557638643854	0.321004515575224	0.540876398703314	-1.13315034042534	-0.168183131131387
40	"Absent"	44	40	3	5	0.8125	0.555555555555556	44	41	1	5	0.8125	0.555555555555556	0	0.8125	0.131802334335781	40	44	8	1	0.8125	0.111111111111111	45	47	2	1	0.916666666666667	0.25	-0.138888888888889	0.864583333333333	-0.352036743143243	1.89690935869441	-2.09508204805187	-0.757742021978013	2.13032150765591	0.929557752762213	0.408990855888532
41	"Present"	33	27	6	14	0.395833333333333	0.482758620689655	43	13	1	22	0.4375	0.814814814814815	-0.33205619412516	0.416666666666667	-0.0294685840115927	40	16	6	24	0.333333333333333	0.75	39	27	7	18	0.4375	0.666666666666667	0.0833333333333334	0.385416666666667	0.259435454877425	-0.0991510047628579	1.52574384307141	0.21828971338531	0.353882856473597	-0.208222328170443	-1.39803443461718
42	"Absent"	40	38	2	5	0.729166666666667	0.384615384615385	39	27	3	12	0.5625	0.571428571428571	-0.186813186813187	0.645833333333333	-0.0445546111032552	46	41	1	3	0.895833333333333	0.6	43	46	1	0	0.895833333333333	0	0.6	0.895833333333333	0.153302160266579	2.0270872084851	0.897276707065702	2.48756349810504	1.38234733873704	-0.314655535727009	-0.607632713085328
43	"Present"	34	39	9	6	0.583333333333333	0.3	31	39	14	5	0.541666666666667	0.227272727272727	0.0727272727272727	0.5625	-0.0117244759023238	44	46	0	2	0.875	0.333333333333333	38	39	6	8	0.625	0.444444444444444	-0.111111111111111	0.75	-0.142608976659524	1.41959057612854	-0.854957833641164	-0.635738055057598	1.00836025427761	-0.0830361323731623	0.804767304130762
44	"Absent"	35	34	11	10	0.520833333333333	0.434782608695652	30	29	12	13	0.354166666666667	0.419354838709677	0.0154277699859747	0.4375	0.0575088073693709	31	17	8	20	0.229166666666667	0.540540540540541	29	28	15	13	0.333333333333333	0.40625	0.134290540540541	0.28125	0.0671114272106038	-0.533077170731828	0.386899229832593	0.442101044594045	0.447379627588455	0.405410584811325	0.492947641017055
45	"Present"	29	26	15	20	0.1875	0.512820512820513	27	25	18	21	0.125	0.5	0.0128205128205129	0.15625	0.108026002346769	34	25	11	17	0.354166666666667	0.548387096774194	33	40	12	6	0.5625	0.285714285714286	0.262672811059908	0.458333333333333	0.0828892404454209	0.204597311415421	0.48032737726245	1.0059743108761	-0.814826782462136	0.761813703109872	0.478759140033797
46	"Absent"	29	28	15	14	0.3125	0.424242424242424	30	31	16	10	0.416666666666667	0.357142857142857	0.0670995670995671	0.364583333333333	0.0681988842584717	38	29	9	10	0.583333333333333	0.5	40	33	5	13	0.5625	0.619047619047619	-0.119047619047619	0.572916666666667	0.01256879097665	0.681916093981289	0.063925609633194	-0.670596331320573	0.12014092868645	0.480829988834676	0.774141745635827
47	"Present"	32	26	9	18	0.291666666666667	0.529411764705882	33	19	10	26	0.145833333333333	0.634146341463415	-0.104734576757532	0.21875	0.0788389038941632	32	34	11	6	0.541666666666667	0.272727272727273	40	28	5	14	0.541666666666667	0.636363636363636	-0.363636363636364	0.541666666666667	-0.21584333124125	0.551738244190598	-1.28861425832829	-1.74486502706137	-0.53433646911756	0.555896234666711	-0.160966977573647
48	"Absent"	19	21	11	9	0.208333333333333	0.236842105263158	19	27	12	6	0.270833333333333	0.171428571428571	0.0654135338345865	0.239583333333333	-0.0558251730840656	22	20	12	9	0.270833333333333	0.257142857142857	22	25	10	11	0.229166666666667	0.297297297297297	-0.0401544401544401	0.25	-0.209117162020862	-0.66325502052252	-1.2487853213135	-0.3240862229551	-0.440839698002701	-0.39417031157185	0.764966477098883
49	"Absent"	37	33	3	4	0.6875	0.266666666666667	38	34	3	4	0.708333333333333	0.285714285714286	-0.019047619047619	0.697916666666667	-0.0650013880723901	42	37	4	8	0.708333333333333	0.571428571428572	38	37	3	5	0.6875	0.333333333333333	0.238095238095238	0.697916666666667	0.102797379000573	1.20262749314405	0.598213200621061	0.898026100513338	1.61608926652419	-0.45890929079427	0.305335119444138
50	"Present"	30	36	14	8	0.458333333333333	0.307692307692308	38	16	5	23	0.3125	0.696969696969697	-0.389277389277389	0.385416666666667	-0.164319449971907	35	23	11	22	0.270833333333333	0.628571428571428	29	29	18	17	0.25	0.472222222222222	0.156349206349206	0.260416666666667	0.150801339187357	-0.619862403925623	0.882468122567457	0.538985855004686	0.213637699801309	-1.1596066866056	-1.70942795361315
52	"Absent"	35	30	3	8	0.5625	0.380952380952381	38	31	2	6	0.666666666666667	0.375	0.00595238095238099	0.614583333333333	0.0188149696572044	36	32	7	5	0.645833333333333	0.294117647058824	39	28	2	11	0.583333333333333	0.55	-0.255882352941176	0.614583333333333	-0.18877022462065	0.855486560368877	-1.12830115542299	-1.27159402383106	1.24210218206475	0.132422260227504	0.441383273527405
53	"Present"	17	30	24	12	0.104166666666667	0.27906976744186	30	9	15	30	0	0.625	-0.34593023255814	0.0520833333333333	-0.168381842210451	44	35	3	8	0.75	0.666666666666667	36	35	9	9	0.5625	0.428571428571429	0.238095238095238	0.65625	0.191768802040218	1.02905702675646	1.12505650299004	0.898026100513337	-1.28231063803643	-1.18826721025932	-1.47353592735667
54	"Absent"	32	9	5	31	0.0208333333333333	0.659574468085106	26	15	9	17	0.1875	0.435897435897436	0.22367703218767	0.104166666666667	0.276655393087551	39	18	3	22	0.354166666666667	0.709677419354839	35	22	8	21	0.291666666666667	0.617647058823529	0.0920303605313094	0.322916666666667	0.222338367275584	-0.35950670434424	1.30607384710297	0.256488298853751	-1.04856871024928	1.95150843425416	1.62622474948677
55	"Present"	28	31	6	10	0.375	0.333333333333333	32	21	6	9	0.479166666666667	0.36	-0.0266666666666666	0.427083333333333	-0.023685226060415	36	24	9	15	0.4375	0.555555555555556	26	31	12	8	0.375	0.266666666666667	0.288888888888889	0.40625	0.091311033666473	-0.0123657715690639	0.530196933136258	1.12111906859638	0.400631242031026	-0.167420244662865	0.263872824866381
56	"Absent"	19	19	12	13	0.125	0.309523809523809	20	22	12	6	0.291666666666667	0.176470588235294	0.133053221288515	0.208333333333333	0.015135908688711	36	26	8	8	0.583333333333333	0.4	35	31	7	10	0.520833333333333	0.434782608695652	-0.0347826086956521	0.552083333333333	-0.075306560639391	0.595130860787494	-0.456427317863552	-0.3004923720415	-0.581084854674989	0.106466171371656	1.13305666193393
57	"Present"	31	42	5	2	0.604166666666667	0.105263157894737	36	33	5	2	0.708333333333333	0.142857142857143	-0.037593984962406	0.65625	-0.177653926354528	40	33	2	4	0.75	0.333333333333333	37	34	4	6	0.645833333333333	0.352941176470588	-0.0196078431372549	0.697916666666667	-0.136588056311993	1.20262749314405	-0.819305020065502	-0.233842634613877	1.42909572429447	-1.25368255455058	0.204407165537755
58	"Absent"	36	30	3	15	0.4375	0.555555555555556	40	22	3	17	0.479166666666667	0.68	-0.124444444444445	0.458333333333333	0.089334822264674	45	31	1	11	0.708333333333333	0.785714285714286	37	38	7	5	0.666666666666667	0.3125	0.473214285714286	0.6875	0.318453927829699	1.15923487654716	1.87522108114026	1.930702534804	0.540876398703314	0.629945833785006	-0.268226622214841
59	"Present"	25	34	0	0	0.520833333333333	0	35	19	0	4	0.645833333333333	0.235294117647059	-0.235294117647059	0.583333333333333	-0.314461829860307	37	27	8	9	0.583333333333333	0.45	34	28	2	9	0.520833333333333	0.391304347826087	0.0586956521739131	0.552083333333333	-0.022445688548794	0.595130860787495	-0.143412245530662	0.110077499247202	1.10185702539247	-2.21887397975069	-0.871462359012801
60	"Absent"	36	43	5	4	0.666666666666667	0.25	39	39	2	4	0.729166666666667	0.307692307692308	-0.0576923076923077	0.697916666666667	-0.0891682040451786	41	44	6	1	0.833333333333333	0.125	39	35	1	7	0.666666666666667	0.4375	-0.3125	0.75	-0.350485365145053	1.41959057612854	-2.08589558030903	-1.52026681523061	1.61608926652419	-0.629408238249737	0.0950335772348394
61	"Present"	29	20	15	22	0.145833333333333	0.536585365853658	19	18	25	22	-0.0625	0.431372549019608	0.105212816834051	0.0416666666666667	0.155210439242657	22	23	24	24	-0.0416666666666667	0.48	18	25	29	20	-0.0416666666666667	0.4	0.08	-0.0416666666666667	0.00698213703308654	-1.87824828523564	0.0308442997893783	0.20364923735486	-1.32905902359386	1.0947039289504	0.981551236535469
62	"Absent"	35	35	9	7	0.583333333333333	0.35	33	36	12	10	0.479166666666667	0.4	-0.05	0.53125	-0.0206688311308901	40	33	3	6	0.708333333333333	0.428571428571429	32	43	6	2	0.625	0.111111111111111	0.317460317460317	0.666666666666667	-0.0254375287268512	1.07244964335336	-0.161128394218826	1.2466088631431	0.868115097605319	-0.146139321219202	0.136894547721998
63	"Present"	33	37	10	9	0.5	0.375	41	22	5	18	0.479166666666667	0.72	-0.345	0.489583333333333	-0.104871005028023	31	43	13	5	0.541666666666667	0.227272727272727	40	28	5	16	0.5	0.666666666666667	-0.439393939393939	0.520833333333333	-0.263291817849848	0.464953010996804	-1.56957994959463	-2.07760311866251	0.681121555375602	-0.740192838202511	-1.46847367046055
64	"Absent"	34	27	8	14	0.416666666666667	0.5	35	32	9	16	0.395833333333333	0.551724137931034	-0.0517241379310343	0.40625	0.0775542760730556	24	21	24	27	-0.0625	0.529411764705882	31	22	16	24	0.145833333333333	0.585365853658537	-0.0559540889526543	0.0416666666666667	0.0441968178014967	-1.53110735246046	0.251210622399508	-0.393480536811034	0.307134470916168	0.546833075845232	0.127511916405912
65	"Present"	25	24	20	19	0.125	0.452380952380952	35	11	7	36	-0.0208333333333334	0.73469387755102	-0.282312925170068	0.0520833333333333	-0.0325044381831636	24	21	23	21	0.0625	0.466666666666667	27	29	15	17	0.208333333333333	0.447368421052632	0.0192982456140351	0.135416666666667	-0.00946804115684459	-1.14057380308839	-0.0665652493225848	-0.0629615366733321	-1.28231063803643	-0.229640538226082	-1.12733523784087
66	"Absent"	42	33	2	6	0.75	0.5	43	36	2	8	0.729166666666667	0.615384615384616	-0.115384615384616	0.739583333333333	0.0558297056691164	46	35	2	10	0.75	0.833333333333333	35	41	9	7	0.583333333333333	0.35	0.483333333333333	0.666666666666667	0.363605473270606	1.07244964335336	2.14258546056074	1.97514683703929	1.80308280875391	0.393564379134647	-0.218923701418854
67	"Present"	30	23	3	9	0.4375	0.333333333333333	31	31	7	4	0.5625	0.19047619047619	0.142857142857143	0.5	0.0341659255874709	38	31	4	6	0.666666666666667	0.375	30	36	4	3	0.5625	0.142857142857143	0.232142857142857	0.614583333333333	-0.0810978480310968	0.855486560368877	-0.490720362418482	0.871882393316105	0.727869940933031	0.240724563331594	1.18640887922148
68	"Absent"	25	19	6	12	0.270833333333333	0.342857142857143	38	5	1	21	0.354166666666667	0.67741935483871	-0.334562211981567	0.3125	-0.12248292774102	40	16	1	26	0.291666666666667	0.764705882352941	37	3	5	26	0.229166666666667	0.702702702702703	0.0620031796502385	0.260416666666667	0.271770163966087	-0.619862403925622	1.59878368719233	0.124604632268361	-0.113600999100696	-0.864446454757299	-1.41167199875574
69	"Present"	41	39	4	8	0.6875	0.533333333333333	43	35	3	9	0.708333333333333	0.642857142857143	-0.10952380952381	0.697916666666667	0.0797878523697976	37	38	7	6	0.645833333333333	0.352941176470588	36	36	7	8	0.583333333333333	0.4	-0.0470588235294118	0.614583333333333	-0.120076686496325	0.855486560368877	-0.721533125415175	-0.354411260746993	1.61608926652419	0.562591147081624	-0.187029628666732
70	"Absent"	18	24	22	14	0.0833333333333333	0.318181818181818	17	25	23	16	0.0208333333333334	0.340425531914894	-0.0222437137330754	0.0520833333333333	-0.0321568210001375	25	22	18	17	0.166666666666667	0.425	32	29	11	17	0.3125	0.515151515151515	-0.0901515151515151	0.239583333333333	-0.0555948393523128	-0.706647637119417	-0.339704577196205	-0.543680516381284	-1.28231063803643	-0.227188069357608	0.287942208154871
71	"Present"	31	25	6	9	0.458333333333333	0.346153846153846	34	30	9	8	0.541666666666667	0.363636363636364	-0.0174825174825175	0.5	-0.0121056470341878	38	24	8	19	0.395833333333333	0.655172413793103	27	27	13	18	0.1875	0.461538461538462	0.193633952254642	0.291666666666667	0.178105316482576	-0.489684554134931	1.04414832363169	0.702745783623669	0.727869940933031	-0.0857253272119196	0.313852286599534
72	"Absent"	35	31	5	3	0.666666666666667	0.1875	43	22	0	8	0.729166666666667	0.615384615384616	-0.427884615384616	0.697916666666667	-0.256670294330884	41	32	1	3	0.791666666666667	0.3	36	36	1	5	0.645833333333333	0.294117647058824	0.00588235294117634	0.71875	-0.166050797993342	1.28941272633785	-0.993768320684283	-0.121886053204555	1.61608926652419	-1.81114976855561	-1.91952562745969
73	"Present"	24	28	20	14	0.208333333333333	0.368421052631579	37	19	6	20	0.354166666666667	0.645161290322581	-0.276740237691002	0.28125	-0.0859107343075986	36	34	8	11	0.520833333333333	0.478260869565217	35	37	11	10	0.520833333333333	0.434782608695652	0.0434782608695653	0.520833333333333	0.00295430892582634	0.464953010996803	0.00699355997983283	0.0432405434560183	-0.253846155772984	-0.606426511478168	-1.09700908404848
74	"Absent"	36	30	11	13	0.479166666666667	0.52	35	34	11	13	0.458333333333333	0.5	0.0200000000000001	0.46875	0.115205489526256	33	26	12	19	0.291666666666667	0.558823529411765	36	26	7	19	0.354166666666667	0.612903225806452	-0.0540796963946869	0.322916666666667	0.0717966218205729	-0.35950670434424	0.414642558153391	-0.385247937016062	0.587624784260743	0.812465597374756	0.517829379155145
75	"Present"	18	22	18	19	-0.0208333333333333	0.387755102040816	34	17	13	20	0.291666666666667	0.588235294117647	-0.200480192076831	0.135416666666667	-0.0471503019707403	23	23	24	22	0.0208333333333334	0.468085106382979	22	19	24	24	-0.0416666666666667	0.48	-0.0119148936170212	-0.0104166666666667	-0.0101967612306333	-1.74807043544495	-0.0708803572197161	-0.200054101697544	-0.908323553576994	-0.332968356138449	-0.682007546603931
76	"Absent"	26	32	18	11	0.3125	0.333333333333333	35	27	6	16	0.395833333333333	0.551724137931034	-0.218390804597701	0.354166666666667	-0.0891123905936112	32	29	14	14	0.375	0.466666666666667	33	28	11	16	0.354166666666667	0.516129032258065	-0.0494623655913978	0.364583333333333	-0.013992493368035	-0.185936237956652	-0.0933567432980384	-0.364967960730998	0.0733925431290209	-0.629014469589571	-0.779475777482532
77	"Present"	35	24	8	20	0.3125	0.606060606060606	33	22	6	14	0.395833333333333	0.482758620689655	0.123301985370951	0.354166666666667	0.207149833404595	27	17	13	13	0.291666666666667	0.382352941176471	31	25	10	14	0.354166666666667	0.451612903225807	-0.0692599620493359	0.322916666666667	-0.0940610538205709	-0.35950670434424	-0.567481842836437	-0.451921831651887	0.0733925431290209	1.46114078377051	1.07999115606932
78	"Absent"	38	29	6	13	0.520833333333333	0.565217391304348	38	23	9	15	0.479166666666667	0.6	-0.0347826086956523	0.5	0.126297201487749	34	26	3	9	0.520833333333333	0.391304347826087	30	25	7	9	0.4375	0.333333333333333	0.0579710144927537	0.479166666666667	-0.077326844601911	0.291382544609215	-0.468390407113713	0.10689478706667	0.727869940933031	0.890718571082308	0.219706467598769
79	"Present"	45	43	2	4	0.854166666666667	0.571428571428571	45	41	1	6	0.8125	0.666666666666667	-0.0952380952380953	0.833333333333333	0.109757928716737	46	42	1	4	0.875	0.666666666666667	43	42	5	4	0.8125	0.444444444444444	0.222222222222222	0.84375	0.19072435667381	1.81012412550061	1.11887183124732	0.828309547987386	2.22381827877077	0.774032591335878	-0.109287826333437
80	"Absent"	33	23	9	25	0.166666666666667	0.625	40	11	7	35	0.104166666666667	0.813953488372093	-0.188953488372093	0.135416666666667	0.113066728798691	32	19	12	24	0.166666666666667	0.6	33	23	11	23	0.208333333333333	0.605263157894737	-0.00526315789473686	0.1875	0.113475809321163	-0.923610720103902	0.661445408244732	-0.170838728476647	-0.908323553576994	0.797376458064076	-0.619280076136158
81	"Present"	34	22	10	23	0.229166666666667	0.621621621621622	36	24	12	21	0.3125	0.636363636363636	-0.0147420147420146	0.270833333333333	0.170292093862167	36	24	12	24	0.25	0.666666666666667	25	32	20	15	0.208333333333333	0.394736842105263	0.271929824561403	0.229166666666667	0.193995119794931	-0.750040253716313	1.1382396190732	1.04663243616076	-0.300594541330413	1.20110628834307	0.328765900163756
82	"Absent"	15	19	29	24	-0.1875	0.421052631578947	16	20	25	21	-0.104166666666667	0.39622641509434	0.0248262164846078	-0.145833333333333	0.0516715619326933	22	26	20	17	0.104166666666667	0.395348837209302	24	33	20	14	0.208333333333333	0.368421052631579	0.0269277845777234	0.15625	-0.0755911291865459	-1.05378856989459	-0.458112387383757	-0.0294515119769537	-2.17052996362758	0.364228320498418	0.544093292912629
83	"Present"	25	20	14	25	0	0.520833333333333	29	14	15	29	0	0.604166666666667	-0.0833333333333333	0	0.0804912402107829	37	23	5	16	0.4375	0.592592592592593	26	39	10	3	0.479166666666667	0.12	0.472592592592593	0.458333333333333	0.137998745889124	0.204597311415421	0.806657707248794	1.92797196983006	-1.51605256582357	0.567553608279492	-0.0445029910556901
84	"Absent"	32	25	10	16	0.333333333333333	0.5	32	14	11	23	0.1875	0.58974358974359	-0.0897435897435898	0.260416666666667	0.0645798798595919	43	33	2	8	0.729166666666667	0.615384615384616	40	38	3	6	0.708333333333333	0.428571428571429	0.186813186813187	0.71875	0.140486750758167	1.28941272633785	0.821390400699506	0.672788007737187	-0.347342926887843	0.455297604198632	-0.0793871331283234
85	"Present"	31	22	5	11	0.416666666666667	0.392857142857143	27	16	4	17	0.208333333333333	0.447368421052632	-0.0545112781954887	0.3125	0.0060235162480588	42	13	2	15	0.5625	0.714285714285714	17	35	13	6	0.229166666666667	0.162162162162162	0.552123552123552	0.395833333333333	0.25691759486304	-0.0557583881659608	1.51083436270612	2.27728330183757	-0.113600999100696	0.042177465665379	0.112344504879905
86	"Absent"	32	19	6	13	0.395833333333333	0.448275862068965	42	23	2	16	0.541666666666667	0.727272727272727	-0.278996865203762	0.46875	-0.034077010547629	41	20	3	9	0.666666666666667	0.5625	36	29	2	9	0.5625	0.428571428571429	0.133928571428571	0.614583333333333	0.0876021353735512	0.855486560368877	0.508234732712388	0.44051122456178	0.587624784260743	-0.240735170354733	-1.10928948435106
89	"Present"	33	27	8	15	0.375	0.5	36	21	6	21	0.3125	0.636363636363636	-0.136363636363636	0.34375	0.0486704722405457	28	12	13	25	0.0625	0.555555555555556	32	18	7	18	0.291666666666667	0.529411764705882	0.0261437908496732	0.177083333333333	0.0740223909542769	-0.967003336700799	0.427822425583285	-0.0328949243920161	0.0266441575715918	0.343055376809569	-0.33308998456565
90	"Absent"	29	26	15	15	0.291666666666667	0.441176470588235	37	21	8	20	0.354166666666667	0.645161290322581	-0.203984819734345	0.322916666666667	-0.0131553163509423	21	29	25	15	0.125	0.357142857142857	27	13	19	33	-0.125	0.611111111111111	-0.253968253968254	0	-0.129766129197289	-1.70467781884805	-0.778909053733371	-1.26318702779116	-0.066852613543267	-0.0931308337496633	-0.701079471546092
91	"Present"	39	15	8	31	0.166666666666667	0.775	29	24	12	21	0.166666666666667	0.525	0.25	0.166666666666667	0.361674069690542	36	27	7	10	0.541666666666667	0.454545454545455	30	22	10	12	0.375	0.4	0.0545454545454545	0.458333333333333	-0.0184724084214589	0.204597311415421	-0.119884510983925	0.0918492385768789	-0.768078396904706	2.55132244745262	1.7694723967212
92	"Absent"	26	28	10	11	0.3125	0.333333333333333	32	24	10	10	0.458333333333333	0.384615384615385	-0.0512820512820513	0.385416666666667	-0.0320853932832715	28	23	14	11	0.354166666666667	0.354838709677419	32	24	9	14	0.375	0.466666666666667	-0.111827956989247	0.364583333333333	-0.12256582382841	-0.185936237956652	-0.736272524733323	-0.638886544526512	0.213637699801309	-0.226684140724291	0.129917719307472
93	"Present"	18	28	27	15	0.0625	0.333333333333333	36	8	7	35	0.0208333333333334	0.74468085106383	-0.411347517730496	0.0416666666666667	-0.15496017978782	28	28	17	13	0.3125	0.393939393939394	39	21	4	19	0.416666666666667	0.678571428571429	-0.284632034632035	0.364583333333333	-0.0974084852079876	-0.185936237956652	-0.587303620957423	-1.39786673153448	-1.32905902359386	-1.09357623736748	-1.82953196307018
94	"Absent"	16	23	23	16	0	0.333333333333333	20	12	22	28	-0.166666666666667	0.5	-0.166666666666667	-0.0833333333333333	-0.0714611771404108	30	19	15	24	0.125	0.571428571428571	29	25	15	19	0.208333333333333	0.5	0.0714285714285715	0.166666666666667	0.0918307026532848	-1.0103959532977	0.533274147322533	0.166002298990846	-1.89003965028301	-0.504483653512222	-0.497996837999913
95	"Present"	35	6	9	34	0.0208333333333333	0.723404255319149	13	31	28	12	0.0208333333333333	0.25531914893617	0.468085106382979	0.0208333333333333	0.402108747492814	46	9	1	27	0.395833333333333	0.931034482758621	24	38	13	7	0.354166666666667	0.225806451612903	0.705228031145718	0.375	0.46947856539339	-0.142543621359755	2.769511810397	2.94974003842113	-1.42255579470872	2.8365925473181	2.95627544297948
96	"Absent"	28	23	5	21	0.145833333333333	0.51219512195122	30	27	15	12	0.375	0.4	0.11219512195122	0.260416666666667	0.141526290820329	43	39	4	5	0.791666666666667	0.5	41	33	3	12	0.604166666666667	0.631578947368421	-0.131578947368421	0.697916666666667	0.0117442288452752	1.20262749314405	0.0590429740468402	-0.725635714893692	-0.347342926887842	0.998161094947837	1.01954842543295
97	"Present"	28	25	10	10	0.375	0.333333333333333	23	25	13	12	0.229166666666667	0.324324324324324	0.00900900900900903	0.302083333333333	-0.0115106593759374	26	24	13	9	0.354166666666667	0.290322580645161	36	28	5	10	0.541666666666667	0.454545454545455	-0.164222873900293	0.447916666666667	-0.186284376399047	0.161204694818524	-1.11358123253636	-0.869012502072585	-0.160349384658125	-0.0815276385468127	0.458017217720339
98	"Absent"	19	19	20	25	-0.125	0.462962962962963	16	21	25	20	-0.0833333333333334	0.384615384615385	0.0783475783475784	-0.104166666666667	0.0975442363463582	17	27	23	17	0	0.354166666666667	23	18	19	25	-0.0416666666666667	0.5	-0.145833333333333	-0.0208333333333333	-0.12543120210862	-1.79146305204184	-0.753239830685143	-0.788243013708117	-1.98353642139787	0.687863950169444	0.835352592331818
99	"Present"	23	36	17	9	0.291666666666667	0.264705882352941	38	16	7	30	0.166666666666667	0.75	-0.485294117647059	0.229166666666667	-0.225402826477938	29	32	16	11	0.375	0.366666666666667	43	29	5	15	0.583333333333333	0.75	-0.383333333333333	0.479166666666667	-0.129381216629553	0.291382544609215	-0.776629798199616	-1.83137693087767	-0.487588083560131	-1.59055511659452	-2.23194389984547
100	"Absent"	21	34	24	14	0.145833333333333	0.341463414634146	24	33	22	14	0.208333333333333	0.368421052631579	-0.0269576379974326	0.177083333333333	-0.0184288861779477	42	30	6	16	0.541666666666667	0.727272727272727	40	34	5	12	0.583333333333333	0.6	0.127272727272727	0.5625	0.241094852689068	0.638523477384392	1.41714016905752	0.411277806513967	-0.721330011347277	-0.130336318570243	0.262289380368706
101	"Present"	18	34	30	13	0.104166666666667	0.302325581395349	35	15	12	33	0.0416666666666666	0.717391304347826	-0.415065722952477	0.0729166666666667	-0.176655188519383	22	32	24	12	0.208333333333333	0.315789473684211	39	14	5	33	0.125	0.785714285714286	-0.469924812030075	0.166666666666667	-0.182608411686428	-1.0103959532977	-1.09181404794581	-2.21169907136792	-1.18881386692157	-1.24663637395865	-1.84976616134831
103	"Present"	40	32	0	9	0.645833333333333	0.529411764705882	48	35	0	4	0.916666666666667	1	-0.470588235294117	0.78125	-0.0460111424821322	45	28	0	16	0.604166666666667	0.842105263157895	43	25	2	13	0.625	0.722222222222222	0.119883040935673	0.614583333333333	0.34788515925289	0.855486560368877	2.04949779411214	0.378821248806909	1.99007635098362	-0.324931488807217	-2.15191557391413
104	"Absent"	28	29	4	11	0.354166666666667	0.354838709677419	41	28	1	7	0.708333333333333	0.5	-0.145161290322581	0.53125	-0.0499558007963247	37	35	7	9	0.583333333333333	0.45	40	28	3	12	0.583333333333333	0.6	-0.15	0.583333333333333	-0.0361778745836597	0.725308710578186	-0.224727234008818	-0.806543608746179	0.868115097605319	-0.352761389585151	-0.380966167820758
105	"Present"	23	35	12	7	0.333333333333333	0.21875	41	26	4	16	0.520833333333333	0.695652173913043	-0.476902173913043	0.427083333333333	-0.252812143970633	40	35	8	5	0.729166666666667	0.384615384615385	37	36	2	6	0.645833333333333	0.352941176470588	0.0316742081447965	0.6875	-0.0853060050299413	1.15923487654716	-0.515638917774964	-0.00860454183772487	0.400631242031026	-1.78393018876949	-2.18627556167813
106	"Absent"	14	30	27	12	0.0416666666666667	0.260869565217391	21	20	19	17	0.0833333333333333	0.386363636363636	-0.125494071146245	0.0625	-0.105145764184928	13	20	26	19	-0.125	0.351851851851852	23	21	16	25	-0.0416666666666667	0.5	-0.148148148148148	-0.0833333333333333	-0.127746016923435	-2.05181875162322	-0.766946981135757	-0.798410010951485	-1.235562252479	-0.742131287483903	-0.273938613225099
107	"Present"	29	12	3	25	0.0833333333333333	0.568181818181818	38	11	2	27	0.229166666666667	0.72972972972973	-0.161547911547912	0.15625	0.084990476785301	32	18	13	27	0.104166666666667	0.627906976744186	24	18	20	27	-0.0625	0.529411764705882	0.0984952120383037	0.0208333333333333	0.146373812142907	-1.61789258565425	0.856250569900167	0.284882849912321	-0.814826782462136	0.599296105974358	-0.470140950595477
108	"Absent"	32	35	3	8	0.5	0.333333333333333	36	35	1	4	0.666666666666667	0.25	0.0833333333333333	0.583333333333333	0.0138530212167244	42	37	4	8	0.708333333333333	0.571428571428572	37	41	7	7	0.625	0.388888888888889	0.182539682539683	0.666666666666667	0.099141820218144	1.07244964335336	0.576566849521552	0.654018166672507	1.10185702539247	0.0974152908616294	0.862484702832753
109	"Absent"	42	35	1	7	0.729166666666667	0.538461538461538	42	35	4	8	0.708333333333333	0.571428571428572	-0.0329670329670331	0.71875	0.109291542742898	46	21	0	22	0.5	0.916666666666667	39	21	4	23	0.333333333333333	0.71875	0.197916666666667	0.416666666666667	0.422675035185564	0.031026845027833	2.49236522135987	0.721556076932022	1.70958603763905	0.770742198520499	0.22958669665785
110	"Present"	22	34	23	13	0.1875	0.333333333333333	30	14	17	31	-0.0208333333333334	0.63265306122449	-0.299319727891156	0.0833333333333333	-0.11672993545236	28	30	18	18	0.208333333333333	0.473684210526316	27	34	18	13	0.291666666666667	0.382352941176471	0.0913312693498452	0.25	0.00182752505499763	-0.66325502052252	0.000321321689354103	0.253417790548153	-1.14206548136414	-0.823858603588143	-1.21988500252337
111	"Absent"	31	35	4	9	0.458333333333333	0.346153846153846	35	35	8	12	0.479166666666667	0.48	-0.133846153846154	0.46875	-0.0518155284513271	47	40	1	7	0.833333333333333	0.875	44	38	2	10	0.708333333333333	0.714285714285714	0.160714285714285	0.770833333333333	0.381302118778199	1.50637580932233	2.24737595217644	0.558157906949322	0.587624784260743	-0.365881926775021	-0.319390030588034
112	"Present"	21	41	20	5	0.333333333333333	0.15625	36	28	10	17	0.395833333333333	0.586206896551724	-0.429956896551724	0.364583333333333	-0.277963199562411	28	35	14	7	0.4375	0.259259259259259	39	24	3	18	0.4375	0.666666666666667	-0.407407407407407	0.4375	-0.231305285863316	0.117812078221627	-1.38017205245887	-1.93711370220869	0.12014092868645	-1.96137303066561	-1.93080282856075
113	"Present"	34	33	10	12	0.458333333333333	0.461538461538462	27	36	15	8	0.395833333333333	0.275862068965517	0.185676392572944	0.427083333333333	0.133232542695252	39	35	7	9	0.625	0.5	37	38	9	8	0.604166666666667	0.421052631578947	0.0789473684210526	0.614583333333333	0.0255968726523764	0.855486560368877	0.141071251897611	0.199025929134717	0.400631242031026	0.93964799469588	1.41942807454409
114	"Absent"	20	27	7	6	0.291666666666667	0.176470588235294	22	17	8	10	0.25	0.277777777777778	-0.101307189542484	0.270833333333333	-0.15248907925433	43	30	1	4	0.8125	0.444444444444444	37	42	6	1	0.75	0.0833333333333333	0.361111111111111	0.78125	-0.00773673346262066	1.54976842591923	-0.0563133298648581	1.43832938258946	-0.300594541330413	-1.07614241238652	-0.142315389416209
115	"Present"	22	28	22	19	0.0625	0.422222222222222	29	22	18	26	0.0625	0.577777777777778	-0.155555555555556	0.0625	-0.009114483295964	32	29	16	17	0.3125	0.515151515151515	33	33	14	14	0.395833333333333	0.482758620689655	0.03239289446186	0.354166666666667	0.0366881301362929	-0.229328854553549	0.206748011025623	-0.00544796889821069	-1.235562252479	-0.0646224119744152	-0.437530991740683
116	"Absent"	28	28	11	12	0.333333333333333	0.375	28	23	9	9	0.395833333333333	0.310344827586207	0.0646551724137931	0.364583333333333	0.034926605521324	41	36	7	7	0.708333333333333	0.5	36	38	7	10	0.541666666666667	0.454545454545455	0.0454545454545454	0.625	0.023393042955792	0.898879176965774	0.128021298603169	0.0519206675847427	0.120140928686451	0.24609122513009	0.760839530241807
117	"Present"	26	35	6	5	0.4375	0.185185185185185	39	32	4	4	0.729166666666667	0.307692307692308	-0.122507122507122	0.583333333333333	-0.153983018859993	37	39	9	4	0.6875	0.266666666666667	37	38	4	10	0.5625	0.476190476190476	-0.20952380952381	0.625	-0.211364534059007	0.898879176965774	-1.2620931101043	-1.0679806807185	1.10185702539247	-1.0866822836966	-0.257683859277333
118	"Absent"	32	33	14	12	0.416666666666667	0.428571428571429	37	27	11	15	0.458333333333333	0.576923076923077	-0.148351648351648	0.4375	-0.00247360447374187	32	19	16	28	0.0833333333333333	0.636363636363636	24	28	23	20	0.0833333333333333	0.454545454545455	0.181818181818182	0.0833333333333333	0.159756679319428	-1.35753688607287	0.935497070603006	0.650849232466782	0.447379627588455	-0.0177704455985761	-0.398327860649535
119	"Present"	32	36	11	8	0.5	0.333333333333333	44	24	3	13	0.645833333333333	0.764705882352941	-0.431372549019608	0.572916666666667	-0.161793857753848	39	35	7	11	0.583333333333333	0.55	31	30	15	16	0.3125	0.484848484848485	0.0651515151515152	0.447916666666667	0.0713991018017397	0.161204694818525	0.412288647736711	0.138432571401038	1.05510863983504	-1.14178841814336	-1.93850670476391
120	"Absent"	32	19	5	18	0.291666666666667	0.529411764705882	26	21	10	13	0.270833333333333	0.371428571428571	0.157983193277311	0.28125	0.168493127672951	30	24	17	17	0.270833333333333	0.485714285714286	24	31	17	12	0.25	0.333333333333333	0.152380952380952	0.260416666666667	0.0170830932862877	-0.619862403925623	0.0906570010783064	0.521556716873199	-0.253846155772984	1.18841442847561	1.26872372875086
121	"Present"	28	36	9	11	0.354166666666667	0.354838709677419	35	35	11	7	0.583333333333333	0.35	0.00483870967741939	0.46875	0.00123271821795638	39	34	6	6	0.6875	0.4	33	38	6	7	0.541666666666667	0.318181818181818	0.0818181818181818	0.614583333333333	-0.0676342218509717	0.855486560368877	-0.410995648164582	0.211634951553287	0.587624784260743	0.0083779770391601	0.435322756678841
122	"Absent"	20	20	25	25	-0.104166666666667	0.471698113207547	25	23	21	21	0.0833333333333334	0.477272727272727	-0.00557461406518012	-0.0104166666666667	0.074659438948088	29	20	7	15	0.291666666666667	0.441176470588235	25	22	10	16	0.1875	0.41025641025641	0.030920060331825	0.239583333333333	-0.0325162647692805	-0.706647637119416	-0.203045051790213	-0.0119168667314923	-1.562800951381	0.526409753078272	0.378654217756757
123	"Present"	33	23	9	15	0.375	0.5	26	30	17	13	0.270833333333333	0.371428571428571	0.128571428571429	0.322916666666667	0.139081362967068	22	20	3	5	0.354166666666667	0.161290322580645	20	26	10	8	0.25	0.222222222222222	-0.0609318996415771	0.302083333333333	-0.300029752282494	-0.446291937538034	-1.78712322402428	-0.415343792233622	-0.066852613543267	0.980911920457703	1.10866707688819
124	"Absent"	33	34	15	13	0.416666666666667	0.464285714285714	37	26	11	19	0.375	0.633333333333333	-0.169047619047619	0.395833333333333	0.013990298021498	37	33	11	13	0.5	0.541666666666667	36	31	10	15	0.4375	0.555555555555556	-0.013888888888889	0.46875	0.0584132391089505	0.247989928012318	0.335393004715123	-0.208724170836144	0.260386085358738	0.0983837904252582	-0.510953805055462
125	"Present"	22	33	16	10	0.25	0.277777777777778	29	19	14	18	0.229166666666667	0.486486486486486	-0.208708708708709	0.239583333333333	-0.122405154406391	34	24	8	7	0.5625	0.333333333333333	23	30	11	9	0.291666666666667	0.264705882352941	0.0686274509803922	0.427083333333333	-0.130782168834016	0.0744194616247303	-0.784925521260399	0.153699377956854	-0.440839698002701	-0.86389775724956	-0.726786526548349
126	"Absent"	39	33	3	9	0.625	0.5	34	43	8	3	0.645833333333333	0.176470588235294	0.323529411764706	0.635416666666667	0.205612099164901	44	24	3	12	0.666666666666667	0.75	33	38	5	9	0.5	0.375	0.375	0.583333333333333	0.27862713848518	0.725308710578185	1.63938718634383	1.49933136604967	1.33559895317961	1.45029193758286	2.16961402637786
127	"Present"	32	30	10	13	0.395833333333333	0.448275862068965	37	25	5	11	0.541666666666667	0.5	-0.0517241379310347	0.46875	0.0434813515952212	38	37	1	4	0.708333333333333	0.285714285714286	38	27	4	10	0.583333333333333	0.5	-0.214285714285714	0.645833333333333	-0.193883583061001	0.985664410159568	-1.15857985115332	-1.08889564647628	0.587624784260743	0.30644568816695	0.12751191640591
128	"Absent"	31	40	9	4	0.5625	0.19047619047619	36	35	6	4	0.666666666666667	0.25	-0.0595238095238095	0.614583333333333	-0.129004121640418	42	34	1	1	0.854166666666667	0.142857142857143	44	35	1	4	0.833333333333333	0.5	-0.357142857142857	0.84375	-0.336740725918144	1.81012412550061	-2.00450685039124	-1.71634461920985	1.24210218206475	-0.910454033796772	0.0850666794998016
129	"Present"	41	40	2	3	0.791666666666667	0.3	39	42	1	3	0.75	0.25	0.0499999999999999	0.770833333333333	-0.019480312116609	39	30	4	7	0.666666666666667	0.4375	27	36	13	7	0.416666666666667	0.25	0.1875	0.541666666666667	-0.0256478542543537	0.551738244190597	-0.162373834515229	0.675804589336867	1.94332796542619	-0.137754218225331	0.681087164055064
130	"Absent"	26	32	12	13	0.270833333333333	0.371428571428571	31	29	11	18	0.270833333333333	0.514285714285714	-0.142857142857143	0.270833333333333	-0.0382410360941519	36	24	8	14	0.458333333333333	0.538461538461538	30	33	5	11	0.395833333333333	0.379310344827586	0.159151193633952	0.427083333333333	0.0668050560067022	0.0744194616247303	0.385085056120407	0.551292583308671	-0.300594541330413	-0.270112725662774	-0.368427167444421
131	"Present"	37	11	7	31	0.125	0.738095238095238	31	13	12	28	0.0625	0.622222222222222	0.115873015873016	0.09375	0.291591563980228	36	27	10	10	0.541666666666667	0.454545454545455	39	22	6	20	0.395833333333333	0.689655172413793	-0.235109717868339	0.46875	-0.0375317355905398	0.247989928012318	-0.232744107061366	-1.18035764406911	-1.09531709580671	2.05688439354825	1.03956325259193
132	"Absent"	26	25	14	14	0.25	0.388888888888889	29	25	14	12	0.354166666666667	0.387096774193548	0.00179211469534052	0.302083333333333	0.0226233712215929	39	30	6	10	0.604166666666667	0.526315789473684	31	42	6	6	0.520833333333333	0.260869565217391	0.265446224256293	0.5625	0.0624527171966812	0.638523477384392	0.359312729755813	1.01815553770336	-0.160349384658126	0.159290858016602	0.418743411736794
133	"Present"	34	26	5	7	0.5625	0.333333333333333	31	32	7	4	0.5625	0.19047619047619	0.142857142857143	0.5625	0.034165925587471	33	29	5	10	0.479166666666667	0.4	38	27	1	10	0.583333333333333	0.5	-0.1	0.53125	-0.0795978687752866	0.508345627593701	-0.481838251762976	-0.586936468289431	1.00836025427761	0.240724563331594	1.18640887922148
134	"Absent"	28	19	14	17	0.229166666666667	0.45945945945946	22	26	19	19	0.0625	0.422222222222222	0.0372372372372373	0.145833333333333	0.0812071440301575	37	28	6	6	0.645833333333333	0.352941176470588	22	34	14	6	0.333333333333333	0.1875	0.165441176470588	0.489583333333333	-0.106094174153532	0.334775161206113	-0.638735832459552	0.578919086194184	-0.861575168019565	0.572604370772166	0.611633151460004
135	"Present"	9	31	31	13	-0.0833333333333333	0.25	34	20	5	21	0.270833333333333	0.6	-0.35	0.09375	-0.188920189816598	23	38	22	8	0.3125	0.242424242424242	30	13	16	35	-0.104166666666667	0.660377358490566	-0.417953116066324	0.104166666666667	-0.247726465855039	-1.27075165287908	-1.47740988905927	-1.98343196066219	-1.09531709580671	-1.33316700397916	-1.4956833012772
136	"Absent"	29	24	4	4	0.520833333333333	0.173913043478261	28	29	2	6	0.458333333333333	0.230769230769231	-0.0568561872909699	0.489583333333333	-0.139004637995492	30	22	5	10	0.416666666666667	0.357142857142857	22	40	10	3	0.395833333333333	0.103448275862069	0.253694581280788	0.40625	-0.0963618851509497	-0.0123657715690639	-0.581106190237856	0.96654064351298	0.681121555375602	-0.981008529451932	0.0995836827225738
137	"Present"	34	11	11	35	-0.0208333333333333	0.714285714285714	31	9	14	38	-0.145833333333333	0.690909090909091	0.0233766233766234	-0.0833333333333333	0.244342179611976	32	11	16	36	-0.0833333333333334	0.692307692307692	24	25	23	23	0.0208333333333333	0.48936170212766	0.202945990180033	-0.03125	0.213409824150318	-1.83485566863874	1.25320357724831	0.743645584036066	-1.89003965028301	1.72353595775197	0.536204714252105
138	"Present"	26	32	7	2	0.5	0.0833333333333333	38	22	1	8	0.625	0.444444444444444	-0.361111111111111	0.5625	-0.302502466394381	31	32	4	3	0.583333333333333	0.15	24	39	3	1	0.479166666666667	0.04	0.11	0.53125	-0.29932984205677	0.508345627593701	-1.78297871332541	0.335413521628908	1.00836025427761	-2.13449965069246	-1.55614914753643
139	"Absent"	27	28	17	14	0.270833333333333	0.4	28	21	12	18	0.208333333333333	0.473684210526316	-0.0736842105263159	0.239583333333333	0.00418593145858583	20	21	18	18	0.0416666666666667	0.391304347826087	29	17	12	27	0.0416666666666666	0.58695652173913	-0.195652173913043	0.0416666666666667	-0.0940152651303937	-1.53110735246046	-0.567210705611472	-1.00705447611973	-0.440839698002701	0.0292131482799982	0.00800682280100854
140	"Absent"	41	38	6	10	0.645833333333333	0.588235294117647	44	37	4	10	0.708333333333333	0.714285714285714	-0.126050420168067	0.677083333333333	0.110314327909215	41	44	5	2	0.8125	0.222222222222222	39	44	5	3	0.75	0.25	-0.0277777777777778	0.78125	-0.240925632032131	1.54976842591923	-1.43713882642238	-0.269726154296352	1.52259249540933	0.777958035084425	-0.276966223522897
141	"Present"	45	43	2	4	0.854166666666667	0.571428571428571	44	42	3	3	0.854166666666667	0.428571428571428	0.142857142857143	0.854166666666667	0.191009546199723	46	42	2	5	0.854166666666667	0.714285714285715	45	45	1	3	0.875	0.5	0.214285714285715	0.864583333333333	0.234687845510428	1.89690935869441	1.37920114656046	0.793451271724412	2.31731504988563	1.34726968121574	1.18640887922148
142	"Absent"	27	26	11	9	0.375	0.3	37	12	7	18	0.395833333333333	0.620689655172414	-0.320689655172414	0.385416666666667	-0.145980675197878	36	18	9	19	0.354166666666667	0.612903225806452	21	30	19	16	0.104166666666667	0.372093023255814	0.240810202550638	0.229166666666667	0.141721643530247	-0.750040253716313	0.82870280465897	0.909950612123178	0.213637699801309	-1.03022506677966	-1.33617856890372
143	"Present"	32	25	8	11	0.4375	0.407407407407407	35	24	8	14	0.4375	0.518518518518519	-0.111111111111111	0.4375	-0.00370667331501349	36	25	10	18	0.375	0.6	35	29	5	15	0.416666666666667	0.535714285714286	0.0642857142857143	0.395833333333333	0.118052129150294	-0.055758388165961	0.688544035749005	0.134629850354167	0.447379627588455	-0.0264698514207443	-0.195667606703765
144	"Absent"	17	27	26	18	-0.0208333333333333	0.36734693877551	30	14	12	29	0.0208333333333334	0.617021276595745	-0.249674337820234	2.77555756156289e-17	-0.0773818773122121	21	27	26	16	0.104166666666667	0.372093023255814	32	18	14	28	0.0833333333333333	0.636363636363636	-0.264270613107822	0.09375	-0.116477580712709	-1.31414426947598	-0.700221060126854	-1.30843646040314	-1.51605256582357	-0.54625469809783	-0.949718455407661
145	"Present"	40	33	8	15	0.520833333333333	0.652173913043478	38	21	8	26	0.25	0.722222222222222	-0.0700483091787439	0.385416666666667	0.171544559585614	30	19	17	24	0.125	0.571428571428571	34	27	14	21	0.270833333333333	0.6	-0.0285714285714286	0.197916666666667	0.0852506968449116	-0.880218103507005	0.494310715343416	-0.273211981922649	0.213637699801309	1.20994254082301	0.0277931294716493
146	"Absent"	15	26	33	22	-0.145833333333333	0.4	33	18	15	29	0.0833333333333334	0.659090909090909	-0.259090909090909	-0.03125	-0.0590853639737393	40	21	5	23	0.354166666666667	0.741935483870968	34	22	12	21	0.270833333333333	0.6	0.141935483870968	0.3125	0.255757609287308	-0.402899320941137	1.50396552088546	0.475678727469025	-1.65629772249586	-0.41717123630348	-1.00096274097441
147	"Present"	10	29	32	14	-0.0833333333333333	0.269230769230769	35	10	8	32	0.0625	0.711111111111111	-0.441880341880342	-0.0104166666666667	-0.207606842077889	19	26	29	20	-0.0208333333333334	0.408163265306122	31	18	16	29	0.0416666666666667	0.630434782608696	-0.222271517302573	0.0104166666666667	-0.0800172197409553	-1.66128520225115	-0.484321433891085	-1.12397043377195	-1.562800951381	-1.46500292914216	-1.9956893376516
148	"Absent"	44	9	2	35	0.1875	0.897435897435897	38	12	6	29	0.1875	0.743589743589744	0.153846153846154	0.1875	0.409514732152637	27	30	19	16	0.229166666666667	0.432432432432432	32	32	11	14	0.375	0.466666666666667	-0.0342342342342342	0.302083333333333	-0.0449721010733964	-0.446291937538034	-0.27680214938439	-0.29808383309407	-0.674581625789848	2.88884240062079	1.24621026563171
149	"Present"	30	26	14	21	0.1875	0.538461538461538	29	29	16	18	0.229166666666667	0.486486486486486	0.051975051975052	0.208333333333333	0.138278606277369	35	28	12	16	0.395833333333333	0.551724137931034	27	31	14	16	0.229166666666667	0.432432432432432	0.119291705498602	0.3125	0.0765722190262701	-0.402899320941137	0.442921204449883	0.376224019119192	-0.581084854674989	0.975248403558719	0.691835251072038
150	"Absent"	36	26	10	19	0.354166666666667	0.612903225806452	37	18	10	25	0.25	0.694444444444445	-0.0815412186379929	0.302083333333333	0.141753227721602	36	24	9	18	0.375	0.6	36	29	11	17	0.395833333333333	0.586206896551724	0.0137931034482759	0.385416666666667	0.114729712424392	-0.0991510047628581	0.668870381670879	-0.087140907249937	-0.160349384658125	0.999762154137818	-0.0347504352074281
151	"Present"	30	31	4	5	0.520833333333333	0.217391304347826	36	25	5	6	0.625	0.333333333333333	-0.115942028985507	0.572916666666667	-0.130527073887828	37	29	5	8	0.604166666666667	0.421052631578947	35	34	3	8	0.5625	0.380952380952381	0.0401002506265665	0.583333333333333	-0.0507118969482759	0.725308710578186	-0.310790287489115	0.0284038400580468	1.05510863983504	-0.921198591768357	-0.221957105077342
152	"Absent"	28	29	12	12	0.333333333333333	0.375	32	30	6	10	0.458333333333333	0.384615384615385	-0.00961538461538458	0.395833333333333	0.00958127338339521	36	25	11	15	0.4375	0.555555555555556	34	40	12	7	0.5625	0.333333333333333	0.222222222222222	0.5	0.0869243631275576	0.378167777803009	0.504221311816847	0.828309547987386	0.260386085358738	0.0672777456344098	0.356664642779583
153	"Present"	24	37	7	2	0.458333333333333	0.0769230769230769	38	32	8	4	0.708333333333333	0.285714285714286	-0.208791208791209	0.583333333333333	-0.25474497781598	45	36	2	7	0.791666666666667	0.7	38	47	4	0	0.791666666666667	0	0.7	0.791666666666667	0.253302160266579	1.59316104251613	1.48942560653225	2.92677777901853	1.10185702539247	-1.7975664963662	-0.727235485905783
154	"Absent"	24	29	20	12	0.25	0.333333333333333	35	21	8	20	0.3125	0.606060606060606	-0.272727272727273	0.28125	-0.107655079473741	32	20	15	24	0.166666666666667	0.6	36	21	12	27	0.1875	0.692307692307692	-0.0923076923076923	0.177083333333333	0.107748273900919	-0.967003336700799	0.627529870287201	-0.553150754373009	-0.253846155772984	-0.759834720822341	-1.07517082501983
155	"Present"	26	32	18	13	0.270833333333333	0.371428571428571	34	31	14	13	0.4375	0.481481481481481	-0.11005291005291	0.354166666666667	-0.0270463687964961	34	37	11	10	0.5	0.416666666666667	35	40	12	8	0.5625	0.380952380952381	0.0357142857142858	0.53125	-0.0550978618605566	0.508345627593701	-0.336761730448174	0.00914005580745481	0.0733925431290211	-0.191133393279326	-0.189908954679076
156	"Absent"	22	21	13	19	0.0625	0.422222222222222	22	20	16	17	0.104166666666667	0.395348837209302	0.0268733850129199	0.0833333333333333	0.0531406319909998	36	40	8	4	0.666666666666667	0.25	41	32	4	14	0.5625	0.666666666666667	-0.416666666666667	0.614583333333333	-0.240564545122575	0.855486560368877	-1.43500065426132	-1.97778169118217	-1.14206548136414	0.374592735031207	0.555233832887599
157	"Present"	23	22	19	20	0.0625	0.444444444444444	30	19	16	23	0.145833333333333	0.560975609756098	-0.116531165311653	0.104166666666667	0.0188415929079844	40	29	6	5	0.729166666666667	0.384615384615385	33	44	5	4	0.604166666666667	0.210526315789474	0.174089068825911	0.666666666666667	-0.0759350989251374	1.07244964335336	-0.460149200405325	0.616901864416789	-1.04856871024928	0.132610089531991	-0.225163141464364
159	"Present"	31	35	9	5	0.541666666666667	0.227272727272727	42	32	5	5	0.770833333333333	0.454545454545455	-0.227272727272727	0.65625	-0.162010110772447	29	24	15	16	0.270833333333333	0.457142857142857	33	29	13	16	0.354166666666667	0.516129032258065	-0.0589861751152074	0.3125	-0.0235163028918446	-0.402899320941137	-0.149751876580567	-0.40679789224657	1.42909572429447	-1.14331410163003	-0.827810544868438
160	"Absent"	14	32	32	15	-0.0208333333333333	0.306122448979592	30	18	18	29	0.0208333333333334	0.617021276595745	-0.310898827616153	2.77555756156289e-17	-0.138606367108131	18	20	23	21	-0.0625	0.411764705882353	17	21	24	23	-0.125	0.425925925925926	-0.014161220043573	-0.09375	-0.062959084516361	-2.09521136822012	-0.383311873889134	-0.209920288158893	-1.51605256582357	-0.978198694380002	-1.28289760826464
161	"Present"	38	28	9	17	0.4375	0.62962962962963	31	28	14	13	0.375	0.433333333333333	0.196296296296296	0.40625	0.247585572051122	39	38	7	2	0.770833333333333	0.181818181818182	39	38	2	10	0.604166666666667	0.526315789473684	-0.344497607655502	0.6875	-0.299511267432992	1.15923487654716	-1.78405302169406	-1.66080487760424	0.307134470916168	1.74641836798267	1.47722080646825
162	"Absent"	21	34	24	10	0.229166666666667	0.27027027027027	29	11	16	34	-0.104166666666667	0.641509433962264	-0.371239163691994	0.0625	-0.182815295877324	19	31	25	14	0.104166666666667	0.325581395348837	25	18	18	25	0	0.520833333333333	-0.195251937984496	0.0520833333333333	-0.15538730796986	-1.48771473586356	-0.930624581865512	-1.0052965827642	-1.235562252479	-1.29009645665735	-1.61126526185992
163	"Present"	22	36	26	11	0.229166666666667	0.297297297297297	32	23	15	23	0.1875	0.58974358974359	-0.292446292446292	0.208333333333333	-0.138122822843111	33	19	14	28	0.104166666666667	0.651162790697674	22	28	25	20	0.0416666666666666	0.434782608695652	0.216380182002022	0.0729166666666666	0.175856230058283	-1.40092950266977	1.03083038312219	0.802650473043558	-0.581084854674989	-0.974787248357207	-1.182480274344
164	"Absent"	33	30	6	4	0.604166666666667	0.210526315789474	31	28	2	5	0.541666666666667	0.227272727272727	-0.0167464114832537	0.572916666666667	-0.10119816011285	38	36	2	5	0.6875	0.333333333333333	32	31	4	12	0.416666666666667	0.428571428571429	-0.0952380952380952	0.552083333333333	-0.141564531293115	0.595130860787494	-0.848773161898447	-0.566021502531646	1.05510863983504	-0.714280604132898	0.317858121095912
165	"Present"	31	30	6	12	0.395833333333333	0.413793103448276	44	17	1	21	0.479166666666667	0.84	-0.426206896551724	0.4375	-0.107028716791172	38	32	4	3	0.729166666666667	0.230769230769231	41	32	0	9	0.666666666666667	0.5625	-0.331730769230769	0.697916666666667	-0.252941141636289	1.20262749314405	-1.5082885343087	-1.60473110002167	0.447379627588455	-0.755415678685239	-1.91039560544826
166	"Absent"	27	24	17	19	0.166666666666667	0.475	22	22	19	22	0	0.458333333333333	0.0166666666666667	0.0833333333333333	0.0844245225857784	36	9	8	32	0.0833333333333334	0.727272727272727	12	33	27	10	0.0416666666666667	0.217391304347826	0.509881422924901	0.0625	0.266270527086321	-1.44432211926667	1.56621764793414	2.09174983783516	-1.14206548136414	0.595303250836335	0.499689625277376
167	"Present"	27	32	7	5	0.458333333333333	0.192307692307692	34	27	7	11	0.479166666666667	0.44	-0.247692307692308	0.46875	-0.192011410560339	37	27	2	4	0.6875	0.266666666666667	29	43	7	3	0.541666666666667	0.136363636363636	0.13030303030303	0.614583333333333	-0.18900390825999	0.855486560368877	-1.12968491052158	0.424587330178012	0.587624784260743	-1.35497582992271	-0.938932393797987
168	"Absent"	29	24	14	19	0.208333333333333	0.5	30	36	10	9	0.4375	0.333333333333333	0.166666666666667	0.322916666666667	0.152081621764346	34	33	10	8	0.541666666666667	0.363636363636364	40	29	3	13	0.5625	0.619047619047619	-0.255411255411255	0.552083333333333	-0.123794845386986	0.595130860787495	-0.743550162366642	-1.26952489620261	-0.066852613543267	1.07262985483848	1.31597854977698
169	"Present"	20	30	19	14	0.125	0.333333333333333	35	18	12	22	0.270833333333333	0.628571428571428	-0.295238095238095	0.197916666666667	-0.115337050581223	10	33	37	14	-0.0833333333333333	0.269230769230769	30	17	16	30	0	0.625	-0.355769230769231	-0.0416666666666667	-0.218592106804984	-1.87824828523564	-1.30489110257774	-1.71031145601049	-0.627833240232418	-0.814031682047345	-1.19767305899957
170	"Absent"	32	9	9	25	0.145833333333333	0.609756097560976	15	30	24	9	0.125	0.214285714285714	0.395470383275261	0.135416666666667	0.302463528066815	32	13	6	22	0.208333333333333	0.578947368421053	11	30	21	11	0	0.229166666666667	0.349780701754386	0.104166666666667	0.11717034871011	-1.27075165287908	0.683322582576741	1.38856460660877	-0.908323553576994	2.13358702725986	2.56111148145658
171	"Present"	28	23	20	25	0.0625	0.555555555555556	20	27	26	19	0.0208333333333334	0.404255319148936	0.151300236406619	0.0416666666666667	0.183434567856885	18	32	30	14	0.0833333333333333	0.318181818181818	27	22	18	23	0.0833333333333333	0.522727272727273	-0.204545454545455	0.0833333333333333	-0.162911506459008	-1.35753688607287	-0.975179040412677	-1.04611503469899	-1.32905902359386	1.29382756306885	1.23235557090783
172	"Absent"	30	34	16	12	0.375	0.4	43	32	5	14	0.604166666666667	0.736842105263158	-0.336842105263158	0.489583333333333	-0.0856184878647144	33	33	13	10	0.479166666666667	0.4	36	29	12	19	0.354166666666667	0.612903225806452	-0.212903225806452	0.416666666666667	-0.0870269075911918	0.031026845027833	-0.525829223352301	-1.08282355964338	0.681121555375602	-0.604364687903003	-1.42407900965443
173	"Present"	25	15	17	26	-0.0208333333333333	0.530612244897959	19	24	20	15	0.0833333333333333	0.340909090909091	0.189703153988868	0.03125	0.18010858792421	25	24	8	4	0.4375	0.148148148148148	28	21	6	16	0.25	0.444444444444444	-0.296296296296296	0.34375	-0.327794161844709	-0.272721471150446	-1.95152986969032	-1.44909783452703	-1.37580740915129	1.27036249102884	1.4413414128469
174	"Absent"	31	28	9	14	0.354166666666667	0.451612903225807	30	30	11	10	0.416666666666667	0.357142857142857	0.0944700460829494	0.385416666666667	0.095569363241854	39	29	8	13	0.541666666666667	0.590909090909091	41	28	3	17	0.5	0.708333333333333	-0.117424242424242	0.520833333333333	0.0976028766996935	0.464953010996804	0.567454012413636	-0.663466229357692	0.213637699801309	0.673931052014585	0.923089871318387
175	"Present"	38	30	0	4	0.708333333333333	0.285714285714286	33	34	5	3	0.625	0.166666666666667	0.119047619047619	0.666666666666667	-0.00532796028327817	40	28	4	9	0.645833333333333	0.529411764705882	39	41	7	3	0.75	0.25	0.279411764705882	0.697916666666667	0.0662639104515287	1.20262749314405	0.381880668670935	1.07949418576471	1.4758441098519	-0.037908169233221	1.05683920866599
176	"Absent"	27	35	3	4	0.479166666666667	0.16	27	33	2	3	0.5	0.125	0.035	0.489583333333333	-0.116823212938041	42	42	4	1	0.854166666666667	0.142857142857143	35	32	5	12	0.479166666666667	0.48	-0.337142857142857	0.666666666666667	-0.335424724756469	1.07244964335336	-1.99671416399542	-1.62850176302715	0.681121555375602	-0.824516684203638	0.599458271605105
177	"Present"	15	32	32	14	0.0208333333333333	0.297872340425532	29	24	18	23	0.125	0.547619047619048	-0.249746707193516	0.0729166666666666	-0.123172493544809	41	28	5	16	0.520833333333333	0.695652173913043	36	31	8	16	0.416666666666667	0.571428571428572	0.124223602484472	0.46875	0.211354300988919	0.247989928012318	1.24103181946981	0.397885615001075	-1.18881386692157	-0.869311400304109	-0.950112284193545
178	"Absent"	42	26	3	16	0.541666666666667	0.727272727272727	36	34	8	10	0.541666666666667	0.454545454545455	0.272727272727273	0.541666666666667	0.337989889227553	45	28	2	11	0.708333333333333	0.785714285714286	38	20	1	22	0.333333333333333	0.6875	0.0982142857142859	0.520833333333333	0.2937789060483	0.464953010996804	1.72910821121858	0.28364898137839	0.914863483162749	2.38422853467437	1.8931525367969
179	"Present"	18	28	15	8	0.208333333333333	0.210526315789474	29	14	7	13	0.333333333333333	0.40625	-0.195723684210526	0.270833333333333	-0.162275370300345	28	15	11	15	0.270833333333333	0.428571428571429	20	25	12	13	0.145833333333333	0.317073170731707	0.111498257839721	0.208333333333333	-0.0389898442129315	-0.836825486910107	-0.241378281221885	0.34199408402587	-0.300594541330413	-1.14518553021872	-0.6561229820002
180	"Absent"	30	20	16	28	0.0416666666666666	0.608695652173913	14	30	30	13	0.0208333333333334	0.276595744680851	0.332099907493062	0.03125	0.280139361508673	27	15	11	23	0.0833333333333333	0.522727272727273	23	28	18	11	0.25	0.305555555555556	0.217171717171717	0.166666666666667	0.0559238596904895	-1.0103959532977	0.320652171885159	0.80612700854731	-1.37580740915129	1.97608812855225	2.21625403131472
182	"Absent"	18	36	24	11	0.145833333333333	0.268292682926829	34	21	12	22	0.25	0.611111111111111	-0.342818428184282	0.197916666666667	-0.174419249038975	14	21	22	18	-0.0833333333333333	0.346153846153846	25	10	14	32	-0.145833333333333	0.581818181818182	-0.235664335664336	-0.114583333333333	-0.138827663737382	-2.18199660141392	-0.832566830787316	-1.18279360463361	-0.627833240232418	-1.23086163025998	-1.45660171771941
183	"Present"	30	23	15	23	0.145833333333333	0.560975609756098	23	24	20	24	-0.0208333333333333	0.489795918367347	0.0711796913887505	0.0625	0.159663311460196	32	23	10	20	0.25	0.555555555555556	30	22	13	22	0.166666666666667	0.55	0.00555555555555554	0.208333333333333	0.0726676838760824	-0.836825486910108	0.419800542528761	-0.123321393991853	-1.235562252479	1.12611932215316	0.796345480754775
184	"Absent"	32	36	6	6	0.541666666666667	0.272727272727273	38	33	4	6	0.666666666666667	0.375	-0.102272727272727	0.604166666666667	-0.0894101385679038	45	39	3	6	0.8125	0.666666666666667	42	39	6	8	0.708333333333333	0.571428571428572	0.0952380952380951	0.760416666666667	0.182368793742542	1.46298319272544	1.06939445730559	0.270577127779773	1.19535379650732	-0.631115106937951	-0.147569774452104
185	"Present"	27	21	18	23	0.0833333333333333	0.522727272727273	30	15	11	27	0.0625	0.6	-0.0772727272727273	0.0729166666666667	0.0838070829106745	37	29	9	9	0.583333333333333	0.45	32	39	7	6	0.541666666666667	0.272727272727273	0.177272727272727	0.5625	-0.014643310119893	0.638523477384392	-0.0972105475317096	0.630884946970714	-1.18881386692157	0.590947161277784	-0.011521620368838
186	"Absent"	17	34	22	6	0.229166666666667	0.162162162162162	26	20	15	11	0.3125	0.333333333333333	-0.171171171171171	0.270833333333333	-0.185756216073492	27	18	8	10	0.354166666666667	0.32258064516129	33	16	7	17	0.333333333333333	0.53125	-0.20866935483871	0.34375	-0.159073475429113	-0.272721471150446	-0.95245218190797	-1.0642277937176	-0.300594541330413	-1.31084489942125	-0.522510018915816
187	"Present"	21	41	27	7	0.291666666666667	0.205882352941176	22	44	25	2	0.416666666666667	0.0714285714285714	0.134453781512605	0.354166666666667	-0.0526592460631929	22	22	19	23	-0.0208333333333334	0.469387755102041	20	23	24	20	0	0.416666666666667	0.0527210884353741	-0.0104166666666667	-0.00472677549960153	-1.74807043544495	-0.0384898969124346	0.0838363620852597	0.0733925431290209	-0.371834426472737	1.14067840726072
188	"Absent"	36	36	7	7	0.604166666666667	0.368421052631579	36	35	11	9	0.5625	0.428571428571429	-0.0601503759398496	0.583333333333333	-0.0119979725972694	38	36	3	7	0.645833333333333	0.411764705882353	45	28	2	14	0.645833333333333	0.823529411764706	-0.411764705882353	0.645833333333333	-0.0891214169788469	0.985664410159568	-0.538231837640524	-1.95625157937268	1.10185702539247	-0.0849656748777802	0.0816569513272886
189	"Present"	23	33	10	6	0.354166666666667	0.193548387096774	38	22	5	9	0.604166666666667	0.473684210526316	-0.280135823429542	0.479166666666667	-0.20226568144464	34	39	11	3	0.645833333333333	0.176470588235294	43	36	2	6	0.770833333333333	0.545454545454546	-0.368983957219251	0.708333333333333	-0.306118192271071	1.24602010974095	-1.82317585441133	-1.76835242176263	0.634373169818172	-1.42732058541988	-1.11548761091887
190	"Absent"	19	30	20	14	0.104166666666667	0.325581395348837	26	26	19	20	0.125	0.476190476190476	-0.150609080841639	0.114583333333333	-0.0710879533766083	25	22	15	14	0.229166666666667	0.378378378378378	22	27	18	14	0.166666666666667	0.35	0.0283783783783784	0.197916666666667	-0.0913494816843484	-0.880218103507005	-0.551425298273554	-0.0230802968464309	-1.00182032469185	-0.501850528032832	-0.410612641578767
191	"Present"	20	35	21	11	0.1875	0.282051282051282	28	25	16	19	0.1875	0.487179487179487	-0.205128205128205	0.1875	-0.118368141327224	30	15	14	11	0.395833333333333	0.379310344827586	24	23	8	14	0.208333333333333	0.368421052631579	0.0108892921960073	0.302083333333333	-0.091629621568262	-0.446291937538034	-0.553084143513115	-0.0998948609606738	-0.674581625789847	-0.8354162857294	-0.707301690435707
192	"Absent"	36	30	7	15	0.4375	0.555555555555556	32	32	11	13	0.395833333333333	0.448275862068965	0.10727969348659	0.416666666666667	0.168412258535012	26	27	21	20	0.125	0.476190476190476	28	27	19	21	0.145833333333333	0.51219512195122	-0.0360046457607433	0.135416666666667	-0.00420983231753884	-1.14057380308839	-0.035428823548983	-0.305859733349436	0.353882856473597	1.18784388981153	0.992799026667301
193	"Present"	26	27	4	7	0.395833333333333	0.241379310344828	25	22	10	12	0.270833333333333	0.342857142857143	-0.101477832512315	0.333333333333333	-0.109789132590146	30	23	16	21	0.1875	0.538461538461538	26	37	19	9	0.354166666666667	0.290322580645161	0.248138957816377	0.270833333333333	0.0726604560586472	-0.576469787328725	0.419757743087363	0.942139551863505	-0.0201042279858376	-0.774890647534854	-0.143244015858324
194	"Absent"	32	19	13	23	0.1875	0.58974358974359	27	27	17	15	0.25	0.416666666666667	0.173076923076923	0.21875	0.213387145388891	34	18	8	25	0.1875	0.641025641025641	23	21	24	22	0.0208333333333334	0.468085106382979	0.172940534642662	0.104166666666667	0.163527774104091	-1.27075165287908	0.957827566868223	0.611857338262787	-0.53433646911756	1.50514555169158	1.35086269184961
195	"Present"	17	22	25	25	-0.166666666666667	0.446428571428571	22	15	21	27	-0.104166666666667	0.509433962264151	-0.0630053908355795	-0.135416666666667	0.0384146572432373	33	13	14	30	0.0625	0.666666666666667	14	27	32	15	-0.0208333333333333	0.306122448979592	0.360544217687075	0.0208333333333333	0.199825952009655	-1.61789258565425	1.17276682786243	1.43583950571354	-2.12378157807016	0.270699727463458	0.0661201710695174
196	"Absent"	17	33	15	4	0.270833333333333	0.114285714285714	34	22	5	5	0.604166666666667	0.263157894736842	-0.148872180451128	0.4375	-0.20968481879706	40	30	3	6	0.708333333333333	0.428571428571429	28	37	9	5	0.479166666666667	0.2	0.228571428571429	0.59375	-0.0312864227787385	0.768701327175083	-0.195762555978041	0.856196168997767	0.447379627588456	-1.4796632320904	-0.401160557900545
197	"Present"	24	34	19	13	0.229166666666667	0.351351351351351	32	16	12	28	0.0833333333333333	0.636363636363636	-0.285012285012285	0.15625	-0.0999781764081029	28	23	18	18	0.208333333333333	0.473684210526316	21	28	22	16	0.104166666666667	0.372093023255814	0.101591187270502	0.15625	0.00250262825011116	-1.05378856989459	0.00431893782948236	0.29848081526568	-0.814826782462136	-0.705673515064713	-1.14202495479048
198	"Absent"	27	37	19	10	0.354166666666667	0.32258064516129	37	26	8	18	0.395833333333333	0.620689655172414	-0.298109010011123	0.375	-0.123400030036588	34	22	13	26	0.166666666666667	0.65	33	28	14	19	0.291666666666667	0.558823529411765	0.0911764705882353	0.229166666666667	0.166531539572729	-0.750040253716313	0.975614331033323	0.252737892280486	0.16688931424388	-0.870916689656238	-1.2132963652156
199	"Present"	43	39	2	7	0.75	0.583333333333333	42	39	5	7	0.729166666666667	0.538461538461538	0.0448717948717949	0.739583333333333	0.165413561573876	45	43	2	3	0.875	0.5	41	43	3	3	0.791666666666667	0.3	0.2	0.833333333333333	0.0335621428414597	1.76673150890371	0.188237511661804	0.730706374451054	1.8030828087539	1.166687827044	0.653179850396959
200	"Absent"	26	25	2	10	0.333333333333333	0.3125	26	29	6	4	0.458333333333333	0.153846153846154	0.158653846153846	0.395833333333333	0.0258328410976739	40	27	5	10	0.625	0.555555555555556	27	43	10	2	0.520833333333333	0.0869565217391304	0.468599033816425	0.572916666666667	0.103135971640941	0.681916093981289	0.600218173214671	1.91043168936846	0.260386085358738	0.181933941672222	1.27237337218618
201	"Present"	38	38	7	8	0.625	0.444444444444444	33	35	7	6	0.5625	0.285714285714286	0.158730158730159	0.59375	0.112776389705388	43	34	1	13	0.625	0.722222222222222	34	39	9	6	0.583333333333333	0.3	0.422222222222222	0.604166666666667	0.255784365063682	0.81209394377198	1.5041239549208	1.70673810981438	1.14860541094989	0.795328091002851	1.27278865959181
202	"Absent"	29	28	13	15	0.291666666666667	0.441176470588235	32	31	10	7	0.520833333333333	0.304347826086956	0.136828644501279	0.40625	0.10314959361138	33	23	15	21	0.25	0.583333333333333	24	25	18	18	0.125	0.428571428571429	0.154761904761905	0.1875	0.108435468706885	-0.923610720103902	0.63159908676792	0.532014199752092	0.307134470916167	0.727410223657607	1.15360223629311
204	"Absent"	34	39	10	8	0.541666666666667	0.363636363636364	32	30	9	16	0.333333333333333	0.5	-0.136363636363636	0.4375	-0.0411581468373804	35	26	12	20	0.3125	0.606060606060606	34	24	11	19	0.3125	0.575757575757576	0.0303030303030304	0.3125	0.121477884400188	-0.402899320941137	0.708829607759669	-0.014626950735483	0.447379627588455	-0.290693190705894	-0.333089984565649
205	"Present"	33	24	9	19	0.291666666666667	0.558823529411765	47	29	0	15	0.666666666666667	0.9375	-0.378676470588235	0.479166666666667	0.00472917181303389	46	31	0	11	0.729166666666667	0.846153846153846	45	38	1	4	0.854166666666667	0.571428571428571	0.274725274725275	0.791666666666667	0.361855973229722	1.59316104251613	2.13222581532247	1.0589104524963	0.634373169818172	0.0330457553041515	-1.6517385368433
206	"Absent"	27	27	16	18	0.1875	0.461538461538462	21	23	19	19	0.0416666666666667	0.41304347826087	0.048494983277592	0.114583333333333	0.0864184548411123	23	24	23	20	0.0625	0.444444444444444	29	19	18	28	0.0208333333333333	0.595744680851064	-0.151300236406619	0.0416666666666666	-0.0414534298920505	-1.53110735246046	-0.255966376708203	-0.812254432729688	-1.00182032469185	0.60937061292552	0.672896974177142
