"Subject"	"Task"	"C_black"	"A_black"	"C_white"	"A_gun_white"	"A_tool_white"	"AResid"	"C_mean"	"IMS"	"EMS"	"Observer"
2	"WIT"	0.774569402228977	0.528089887640449	0.511111111111111	0.363636363636364	0.636363636363636	-0.0631736071843996	0.642840256670044	8	4.8	"Absent"
3	"WIT"	0.27948402948403	0.337595907928389	0	0.280701754385965	0.719298245614035	-0.239784709505615	0.139742014742015	9	3.8	"Present"
4	"WIT"	0.625779625779626	0.794444444444445	0.689903846153846	0.503875968992248	0.496124031007752	0.179705475820507	0.657841735966736	9	2.6	"Absent"
5	"WIT"	0.871212121212121	0.470588235294117	0.845165238678091	0.150197628458498	0.849802371541502	-0.0849465834362379	0.858188679945106	9	2.2	"Present"
6	"WIT"	0.714285714285714	0.583333333333333	0.728070175438597	0.387096774193548	0.612903225806452	-0.0118573278005833	0.721177944862155	9	4.2	"Absent"
7	"WIT"	0.00530503978779839	0.618666666666667	0	0.651474530831099	0.348525469168901	-0.0207796316908275	0.0026525198938992	8	7.8	"Present"
8	"WIT"	0.664285714285714	0.74468085106383	0.854111405835544	0.472727272727273	0.527272727272727	0.135156032901801	0.759198560060629	7.4	5	"Absent"
9	"WIT"	0	1	0.0333333333333333	1	0	0.302212119041584	0.0166666666666667	9	3.6	"Present"
10	"WIT"	0.463414634146342	0.363636363636364	0.324675324675325	0.471153846153846	0.528846153846154	-0.245625070054455	0.394044979410833	9	5.8	"Absent"
11	"WIT"	0.663492063492063	0.933962264150943	0.690909090909091	0.514705882352941	0.485294117647059	0.317410417155734	0.677200577200577	8.6	6	"Present"
12	"WIT"	0.39386189258312	0.533755274261603	0.256678281068525	0.2953125	0.7046875	-0.0460711157127398	0.325270086825823	8.2	2.2	"Absent"
13	"WIT"	0.519230769230769	0.48	0.610661268556005	0.47313691507799	0.52686308492201	-0.12959339043337	0.564946018893387	5.2	5.4	"Present"
14	"WIT"	0.55820399113082	0.668757841907152	0.502771618625277	0.411371237458194	0.588628762541806	0.0695037457335392	0.530487804878049	9	5.6	"Absent"
15	"WIT"	0.411111111111111	0.849056603773585	0.440492476060191	0.210268948655257	0.789731051344743	0.283466118530355	0.425801793585651	8.6	5	"Present"
16	"WIT"	0.509881422924901	0.443548387096774	0.381159420289855	0.245901639344262	0.754098360655738	-0.128006848935209	0.445520421607378	9	5.4	"Absent"
17	"WIT"	0.276190476190476	0.368421052631579	0.375082399472643	0.35126582278481	0.64873417721519	-0.220771669768427	0.32563643783156	8	3.6	"Present"
18	"WIT"	0.54551282051282	0.605077574047955	0.430516165626773	0.571713147410359	0.428286852589641	-0.0210170305285899	0.488014493069796	8.2	6.8	"Absent"
19	"WIT"	0.641604010025063	0.734265734265734	0.592105263157895	0.612903225806452	0.387096774193548	0.101276097407002	0.616854636591479	7.2	4.4	"Present"
20	"WIT"	0.478381374722838	0.607863974495218	0.457556935817805	0.438931297709924	0.561068702290076	0.00399644924998858	0.467969155270322	8	5.6	"Absent"
21	"WIT"	0.801035077630822	0.679190751445087	0.656140350877193	0.612244897959184	0.387755102040816	0.0463113156817621	0.728587714254008	9	6.8	"Present"
22	"WIT"	0	0.765432098765432	0.166666666666667	0.342857142857143	0.657142857142857	0.177646951242908	0.0833333333333333	5.2	5.6	"Absent"
23	"WIT"	0.376693766937669	0.821739130434783	0.513888888888889	0.228571428571429	0.771428571428571	0.253084893075022	0.445291327913279	6.6	5.6	"Present"
24	"WIT"	0.269464105156724	0.732179930795848	0.296536796536797	0.676923076923077	0.323076923076923	0.088473661259091	0.28300045084676	4.8	7	"Absent"
25	"WIT"	0.608879492600423	0.464864864864865	0.596240601503759	0.283054003724395	0.716945996275605	-0.112909508438411	0.602560047052091	8.2	4.2	"Present"
26	"WIT"	0.444250871080139	0.385579937304075	0.422183507549361	0.535678391959799	0.464321608040201	-0.234482612666429	0.43321718931475	9	2	"Absent"
27	"WIT"	0.665945945945946	0.838187702265372	0.624269005847953	0.369649805447471	0.630350194552529	0.245917584558776	0.64510747589695	7.8	4	"Present"
28	"WIT"	0.234090909090909	0.554896142433234	0.226305609284333	0.5875	0.4125	-0.073841109656456	0.230198259187621	5.2	3.6	"Absent"
29	"WIT"	0.20873511060692	0.647311827956989	0.177865612648221	0.497596153846154	0.502403846153846	0.0336240719027902	0.193300361627571	5.4	6.6	"Present"
30	"WIT"	0.395010395010395	0.491408934707904	0.218715393133998	0.238128986534373	0.761871013465627	-0.0788451945010459	0.306862894072196	8.8	6.2	"Absent"
31	"WIT"	0.833333333333333	0	0.212121212121212	0.423076923076923	0.576923076923077	-0.60121357484831	0.522727272727273	7.2	8.4	"Present"
32	"WIT"	0.0289405684754522	0.640766365087813	0.098989898989899	0.394618834080717	0.605381165919282	0.044316545249418	0.0639652337326756	9	2.2	"Absent"
33	"WIT"	0.233896185115697	0.732244897959184	0.221194879089616	0.236529680365297	0.763470319634703	0.162258485348363	0.227545532102657	8.2	4.4	"Present"
34	"WIT"	0.547017189079879	0.616071428571429	0.550395256916996	0.241758241758242	0.758241758241758	0.0452097785005802	0.548706222998437	6.4	4.6	"Absent"
35	"WIT"	0.806451612903226	1	0.739372822299652	0.438502673796791	0.561497326203208	0.396204224453559	0.772912217601439	9	2.8	"Present"
36	"WIT"	0.210144927536232	0.577981651376147	0.0994371482176361	0.5125	0.4875	-0.0382009409192299	0.154791037876934	7	6.4	"Absent"
37	"WIT"	0	0.584604212055192	0	0.877384196185286	0.122615803814714	-0.092658339539223	0	9	3.6	"Present"
38	"WIT"	0.207729468599034	0.560975609756098	0.209523809523809	0.578313253012048	0.421686746987952	-0.0662238225595906	0.208626639061422	9	6.4	"Absent"
39	"WIT"	0.599114064230343	0.593922651933702	0.658333333333333	0.51219512195122	0.48780487804878	-0.022208905159259	0.628723698781838	7.8	2.6	"Present"
40	"WIT"	0.811111111111111	0.11764705882353	0.936613475177305	0.671328671328671	0.328671328671329	-0.525122732593372	0.873862293144208	6.8	3	"Absent"
41	"WIT"	0.269565217391304	0.821428571428571	0.447826086956522	0.275590551181102	0.724409448818898	0.244903546226257	0.358695652173913	8.4	2.4	"Present"
42	"WIT"	0.910541586073501	0.762162162162162	0.977272727272727	1	0	0.064374281203746	0.943907156673114	9	5.8	"Absent"
43	"WIT"	0.958333333333333	1	0.693423597678917	0.444794952681388	0.555205047318612	0.395150925510531	0.825878465506125	7.2	4.6	"Present"
44	"WIT"	0.254331254331254	0.724907063197026	0.342017738359202	0.518112889637742	0.481887110362258	0.107784898636784	0.298174496345228	6.8	5.8	"Absent"
45	"WIT"	0.350793650793651	0.623471882640587	0.602898550724638	0.671532846715328	0.328467153284672	-0.0193320868098859	0.476846100759144	8	6.4	"Present"
46	"WIT"	0.552100381887616	0.572472594397077	0.606280193236715	0.282208588957055	0.717791411042945	-0.00516026030901147	0.579190287562165	5.8	2	"Absent"
47	"WIT"	0.594186046511628	0.369627507163324	0.555555555555555	0.25	0.75	-0.202613775851955	0.574870801033592	6.4	4.6	"Present"
48	"WIT"	0.336713995943205	0.467889908256881	0.381944444444444	0.50561797752809	0.49438202247191	-0.147140664694074	0.359329220193825	8.6	1.8	"Absent"
49	"WIT"	0.735265700483092	0.671532846715328	0.807781649245064	0.380664652567976	0.619335347432024	0.0774188935649414	0.771523674864078	8.6	7.4	"Absent"
50	"WIT"	0.271980676328502	0.671532846715329	0.24745605920444	0.508912108174554	0.491087891825446	0.0559508512365821	0.259718367766471	6.4	6.6	"Present"
51	"WIT"	0	0.458053691275168	0	0.496402877697842	0.503597122302158	-0.155434315764595	0	9	1.8	"Present"
52	"WIT"	0.702074167190446	0.453586497890295	0.66916823014384	0.147448015122873	0.852551984877127	-0.101488048040131	0.685621198667143	8.6	2.6	"Absent"
53	"WIT"	0.75012370113805	0.744554455445545	0.595454545454545	0.49438202247191	0.50561797752809	0.131404730403851	0.672789123296298	5.8	8.4	"Present"
54	"WIT"	0.378571428571429	0.885057471264368	0.325581395348837	0.275862068965517	0.724137931034483	0.308486995216567	0.352076411960133	4.8	7.2	"Absent"
55	"WIT"	0.415384615384615	0.657894736842105	0.479082321187584	0.606217616580311	0.393782383419689	0.0260242406413988	0.4472334682861	9	4.2	"Present"
56	"WIT"	0.582887700534759	0.564102564102564	0.589430894308943	0.405940594059406	0.594059405940594	-0.0342424669999013	0.586159297421851	6.2	5.2	"Absent"
57	"WIT"	0.844272844272844	0.694214876033058	0.752439024390244	0.394088669950739	0.605911330049261	0.0978538032651567	0.798355934331544	6.2	2.2	"Present"
58	"WIT"	0.716356107660456	0.923357664233577	0.724630021141649	0.577735124760077	0.422264875239923	0.296255007964835	0.720493064401052	8.4	7.2	"Absent"
59	"WIT"	0.572222222222222	0.584415584415584	0.701201201201201	0.185929648241206	0.814070351758794	0.0228993876567548	0.636711711711712	9	7	"Present"
60	"WIT"	0.850118203309693	0.14826498422713	0.808333333333333	0.130434782608696	0.869565217391304	-0.403961623753736	0.829225768321513	9	5	"Absent"
61	"WIT"	0	0.494623655913979	0	0.581291759465479	0.418708240534521	-0.133074364871283	0	8.4	6.8	"Present"
62	"WIT"	0.776386404293381	0.688	0.79766081871345	0.780346820809249	0.219653179190751	0.0269810648746415	0.787023611503416	4.6	4.6	"Absent"
63	"WIT"	0.600378787878788	0.260663507109005	0.525252525252525	0.234042553191489	0.765957446808511	-0.308906571694718	0.562815656565657	8.25	4.8	"Present"
64	"WIT"	0	0.529411764705882	0.137835337650324	0.394849785407725	0.605150214592275	-0.0670767153370408	0.0689176688251619	6	5.8	"Absent"
65	"WIT"	0.0106382978723404	0.505376344086022	0.273291925465839	0.491452991452991	0.508547008547009	-0.107283074449412	0.141965111669089	8	6	"Present"
66	"WIT"	0.736111111111111	0.842105263157895	0.649621212121212	0.583783783783784	0.416216216216216	0.21399008880576	0.692866161616162	7.6	5.4	"Absent"
67	"WIT"	0.742599742599743	0.63	0.805429864253394	0.604651162790698	0.395348837209302	-0.00160827894187847	0.774014803426568	8.6	3.6	"Present"
68	"WIT"	0.356562137049942	0.962093862815884	0	0.117219078415521	0.882780921584479	0.41207950376952	0.178281068524971	9	8.2	"Absent"
69	"WIT"	0.704545454545455	0.461538461538462	0.6553911205074	0.47239263803681	0.52760736196319	-0.147930340294312	0.679968287526427	5.4	5.4	"Present"
70	"WIT"	0.145497912939773	0.510118632240056	0.374620829120324	0.409054163298302	0.590945836701698	-0.0887475962296148	0.260059371030049	5.2	4.2	"Absent"
71	"WIT"	0.38422649140546	0.717569786535304	0.275	0.448275862068965	0.551724137931034	0.112138023604023	0.32961324570273	8	5.6	"Present"
72	"WIT"	0.89047619047619	0.782608695652174	0.851021753460778	0.18141592920354	0.81858407079646	0.221848074985678	0.870748971968484	8.2	3.6	"Absent"
73	"WIT"	0.573737373737374	0.57345971563981	0.548103607770583	0.529170931422723	0.470829068577277	-0.0455135149551211	0.560920490753978	7.6	5.8	"Present"
74	"WIT"	0.311111111111111	0.612903225806452	0.414987080103359	0.278268551236749	0.721731448763251	0.035929915542433	0.363049095607235	7.2	6	"Absent"
75	"WIT"	0.000472813238770631	0.489120151371807	0	0.48314606741573	0.51685393258427	-0.122148725760627	0.000236406619385315	8.6	5.4	"Present"
76	"WIT"	0.370070778564206	0.51685393258427	0.386363636363636	0.407407407407407	0.592592592592593	-0.0817366364190747	0.378217207463921	7.4	6.4	"Absent"
77	"WIT"	0.241666666666667	0.571428571428572	0.397123202001251	0.404564315352697	0.595435684647303	-0.0266860768612955	0.319394934333959	7.4	4.2	"Present"
78	"WIT"	0.661776061776062	0.76027397260274	0.54610492845787	0.416812609457093	0.583187390542907	0.160109015438988	0.603940495116966	5	6.2	"Absent"
79	"WIT"	0.891766882516189	0.803418803418803	0.808876811594203	0.545023696682464	0.454976303317536	0.181791891828736	0.850321847055196	9	4.4	"Present"
80	"WIT"	0.169133192389006	0.67175572519084	0.25	0.333333333333333	0.666666666666667	0.0855648201818792	0.209566596194503	7.6	2.8	"Absent"
81	"WIT"	0.25	0.666666666666667	0.236406619385343	0.582043343653251	0.417956656346749	0.0388428340976152	0.243203309692671	3.6	7	"Present"
82	"WIT"	0.128460686600221	0.453621346886912	0.247582205029014	0.604113110539846	0.395886889460154	-0.177896864548819	0.188021445814617	5.2	4.4	"Absent"
83	"WIT"	0.470695970695971	0.775086505190311	0.650793650793651	0.795454545454546	0.204545454545454	0.111538605489115	0.560744810744811	6.6	2.6	"Present"
84	"WIT"	0.760433604336043	0.81447963800905	0.793868921775899	0.338461538461539	0.661538461538462	0.227430294723555	0.777151263055971	7.8	4.4	"Absent"
85	"WIT"	0.418831168831169	0.921787709497207	0.420325203252032	0.747545582047686	0.252454417952314	0.266259552951628	0.419578186041601	9	4.8	"Present"
86	"WIT"	0.621473354231975	0.819875776397515	0.710526315789474	0.181818181818182	0.818181818181818	0.259047820467977	0.665999835010724	7.6	1.8	"Absent"
87	"WIT"	0.473684210526316	0.6	0.575	0.11764705882353	0.88235294117647	0.0499139989746869	0.524342105263158	5.8	4.4	"Present"
88	"WIT"	0.414634146341463	0.833333333333333	0.67983367983368	0.75974025974026	0.24025974025974	0.175763843058	0.547233913087572	7	6.6	"Absent"
89	"WIT"	0.00725115359261708	0.680610889774236	0.32051282051282	0.264150943396226	0.735849056603774	0.106000803024182	0.163881987052719	8	5.2	"Present"
90	"WIT"	0.115612648221344	0.385474860335196	0	0.365384615384615	0.634615384615385	-0.206081283902104	0.0578063241106719	8.8	1.8	"Absent"
91	"WIT"	0.566939032055311	0.624092888243832	0.397058823529412	0.414634146341463	0.585365853658537	0.024292595923962	0.481998927792361	9	2.2	"Present"
92	"WIT"	0.343137254901961	0.492537313432836	0.41206675224647	0.373362445414847	0.626637554585153	-0.100354283363483	0.377602003574215	6	5.8	"Absent"
93	"WIT"	0.305149051490515	0.456318252730109	0.431976744186046	0.163766632548618	0.836233367451382	-0.101487955734901	0.368562897838281	7.8	5.6	"Present"
94	"WIT"	0.108527131782946	0.626086956521739	0.227272727272727	0.441176470588235	0.558823529411765	0.0218435995209549	0.167899929527837	4.8	3.2	"Absent"
95	"WIT"	0.228723404255319	0.972413793103448	0.493093093093093	0.693127962085308	0.306872037914692	0.325994899297122	0.360908248674206	4.8	4.8	"Present"
96	"WIT"	0.801257253384913	0.571776155717762	0.665151515151515	0.203619909502263	0.796380090497738	0.00729868946819738	0.733204384268214	7.6	4.6	"Absent"
97	"WIT"	0.393939393939394	0.45	0.614890885750963	0.316666666666667	0.683333333333333	-0.133400980610224	0.504415139845178	9	6.6	"Present"
98	"WIT"	0.0386363636363636	0.401891252955083	0	0.437600428494912	0.562399571505088	-0.201753490820477	0.0193181818181818	6.6	5.8	"Absent"
99	"WIT"	0.388630490956072	0.418427726120034	0.554924242424242	0.234042553191489	0.765957446808511	-0.151142352683689	0.471777366690157	7.4	3.4	"Present"
100	"WIT"	0.527173913043478	0.735632183908046	0.628019323671497	0.298701298701299	0.701298701298701	0.155238524402953	0.577596618357488	8.2	5.6	"Absent"
101	"WIT"	0.205533596837945	0.343283582089552	0.184235976789168	0.139300533491405	0.860699466508595	-0.21042711237336	0.194884786813556	5.8	4.6	"Present"
102	"WIT"	0.664957264957265	0.535714285714286	0.65	0.285714285714286	0.714285714285714	-0.0425054067268565	0.657478632478632	8.6	6.8	"Absent"
103	"WIT"	0.636363636363636	1	0.613450292397661	0.114977307110439	0.885022692889561	0.450360903301262	0.624906964380649	6	5.6	"Present"
104	"WIT"	0.636363636363636	0.5625	0.630232558139535	0.188679245283019	0.811320754716981	0.000523533168751703	0.633298097251586	8.6	4.6	"Absent"
105	"WIT"	0.708333333333333	0.428571428571429	0.805860805860806	0.264150943396227	0.735849056603774	-0.146038658178626	0.75709706959707	9	1	"Present"
106	"WIT"	0	0.422222222222222	0.0462653288740245	0.430157802454705	0.569842197545295	-0.180176659714523	0.0231326644370123	6.6	2	"Absent"
107	"WIT"	0.111111111111111	0.675	0	0.431034482758621	0.568965517241379	0.0724543657570676	0.0555555555555556	7.8	5.4	"Present"
108	"WIT"	0.735265700483092	0.671532846715328	0.695075757575758	0.521739130434782	0.478260869565218	0.0538036658945653	0.715170729029425	8.8	2	"Absent"
109	"WIT"	0.488372093023256	1	0.384249471458774	0.151072961373391	0.848927038626609	0.444318654510268	0.436310782241015	5.2	7.8	"Absent"
110	"WIT"	0.233695652173913	0.48936170212766	0.323404255319149	0.591194968553459	0.408805031446541	-0.139994070937222	0.278549953746531	8.6	3.8	"Present"
111	"WIT"	0.830230496453901	0.877284595300261	0.748188405797101	0.172661870503597	0.827338129496403	0.317989364351061	0.789209451125501	NA	NA	"Absent"
112	"WIT"	0.5	0.333333333333333	0.5	0.142857142857143	0.857142857142857	-0.220972721404354	0.5	6	3	"Present"
113	"WIT"	0.643280632411067	0.573407202216067	0.630434782608696	0.529411764705882	0.470588235294118	-0.0456063427780279	0.636857707509881	9	6.4	"Present"
114	"WIT"	0.859625668449198	0.838095238095238	0.837209302325581	0.857142857142857	0.142857142857143	0.164220994840277	0.84841748538739	8	5.6	"Absent"
115	"WIT"	0.297101449275362	0.525773195876289	0.404255319148936	0.5	0.5	-0.0883169531200358	0.350678384212149	9	5.2	"Present"
116	"WIT"	0.691375968992248	0.527472527472527	0.628875968992248	0.43864229765013	0.56135770234987	-0.0763466204736186	0.660125968992248	5.8	3.8	"Absent"
117	"WIT"	0.711324570273003	0.322241681260946	0.694105691056911	0.318936877076412	0.681063122923588	-0.261539322274023	0.702715130664957	5.8	1.8	"Present"
118	"WIT"	0.0709219858156028	0.641221374045801	0.0939716312056738	0.540117416829746	0.459882583170254	0.020415751447822	0.0824468085106383	8.2	3.6	"Absent"
119	"WIT"	0.608695652173913	0.611111111111111	0.326086956521739	0.483870967741935	0.516129032258065	-0.00027911104772649	0.467391304347826	7.8	4	"Present"
120	"WIT"	0.223663725998962	0.534090909090909	0.306296086216676	0.597710547833197	0.402289452166803	-0.0963555423902393	0.264979906107819	7.4	5.4	"Absent"
121	"WIT"	0.716666666666667	0.529411764705882	0.690598290598291	0.497237569060773	0.502762430939226	-0.0842159658818116	0.703632478632479	8.4	4.6	"Present"
122	"WIT"	0.376984126984127	0.687898089171975	0.293233082706767	0.404255319148936	0.595744680851064	0.0898351654449869	0.335108604845447	6.8	4.4	"Absent"
123	"WIT"	0.68	0.625	0.431372549019608	0.586206896551724	0.413793103448276	-0.0035207924380643	0.555686274509804	9	3.4	"Present"
124	"WIT"	0.488224637681159	0.552212389380531	0.456521739130435	0.4	0.6	-0.0451382132233749	0.472373188405797	9	6	"Absent"
125	"WIT"	0.583717357910906	0.542435424354244	0.445701357466063	0.583673469387755	0.416326530612245	-0.0856612838683899	0.514709357688485	9	7	"Present"
126	"WIT"	0.602836879432624	0.839285714285714	0.676931690929451	0.407279029462738	0.592720970537262	0.240716635167975	0.639884285181038	6	4	"Absent"
127	"WIT"	0.876797998749218	0.791878172588832	0.634491634491634	0.26056338028169	0.73943661971831	0.217868627630693	0.755644816620426	9	6.8	"Present"
128	"WIT"	0.948172757475083	0.551282051282051	0.875213675213675	0.178082191780822	0.821917808219178	-0.00892051686196793	0.911693216344379	7.4	7.4	"Absent"
129	"WIT"	0.717787554996857	0.670378619153675	0.512209302325581	0.66626936829559	0.33373063170441	0.0284557321151291	0.614998428661219	9	2.2	"Present"
130	"WIT"	0.449760765550239	0.669565217391304	0.607142857142857	0.363636363636364	0.636363636363636	0.0783017225664596	0.528451811346548	7.2	4.6	"Absent"
131	"WIT"	0.512338425381904	0.55421686746988	0.390476190476191	0.21875	0.78125	-0.0127933072977683	0.451407307929047	7.4	8	"Present"
132	"WIT"	0.616666666666667	0.652173913043478	0.712837837837838	0.564705882352941	0.435294117647059	0.0272522928520597	0.664752252252252	9	5.2	"Absent"
133	"WIT"	0.612010796221323	0.660869565217391	0.704088704088704	0.0866510538641687	0.913348946135831	0.115972154822047	0.658049750155013	7	6.2	"Present"
134	"WIT"	0.683994528043776	0.558441558441558	0.461111111111111	0.721649484536082	0.278350515463918	-0.0927517088472396	0.572552819577443	8	8.4	"Absent"
135	"WIT"	0.33719806763285	0.262390670553936	0	0.32296047098402	0.67703952901598	-0.32206386434984	0.168599033816425	8.2	2.2	"Present"
136	"WIT"	0.544642857142857	0.686274509803921	0.617732558139535	0.817490494296578	0.182509505703422	0.0190378922233031	0.581187707641196	8.8	2.4	"Absent"
137	"WIT"	0	0.696774193548387	0.0314716312056738	0.505263157894737	0.494736842105263	0.081803015794567	0.0157358156028369	5.6	9	"Present"
138	"WIT"	0.8	0.428571428571429	0.863888888888889	0.816326530612245	0.183673469387755	-0.23847034676826	0.831944444444444	8.4	4.4	"Present"
139	"WIT"	0.0647773279352226	0.493506493506494	0.093680709534368	0.322935779816514	0.677064220183486	-0.0909439082078424	0.0792290187347953	7.6	4.6	"Absent"
140	"WIT"	0.847826086956522	0.285714285714286	0.822533849129594	0.640326975476839	0.359673024523161	-0.351865962443062	0.835179968043058	8.8	6	"Absent"
141	"WIT"	0.851950354609929	0.718562874251497	0.915760869565217	0.258064516129032	0.741935483870968	0.144971627817475	0.883855612087573	7.4	1.8	"Present"
142	"WIT"	0.286486486486487	0.71969696969697	0.177173913043478	0.577278731836195	0.422721268163805	0.0926707115334529	0.231830199764982	7.2	7.4	"Absent"
143	"WIT"	0.364004044489383	0.65818759936407	0.534090909090909	0.268292682926829	0.731707317073171	0.0828842042038369	0.449047476790146	7.8	5.6	"Present"
144	"WIT"	0.0747154873824839	0.402139037433155	0.0869565217391304	0.333333333333333	0.666666666666667	-0.184051867575805	0.0808360045608072	6.8	6.4	"Absent"
145	"WIT"	0.0801583374567046	0.606777837547068	0.270833333333333	0.4	0.6	0.00942723494316234	0.175495835395019	9	6.4	"Present"
146	"WIT"	0.366161616161616	0.824701195219123	0.250758341759353	0.348178137651822	0.651821862348178	0.236025337304406	0.308459978960484	4	5.8	"Absent"
147	"WIT"	0	0.41848299912816	0.0425531914893617	0.355555555555556	0.644444444444444	-0.171427805079115	0.0212765957446808	8.8	4.4	"Present"
148	"WIT"	0.239130434782609	0.457142857142857	0.439838220424671	0.456678700361011	0.543321299638989	-0.1496955028026	0.33948432760364	3.4	3.8	"Absent"
149	"WIT"	0.381044487427466	0.5875	0.31811105345096	0.50076103500761	0.49923896499239	-0.0267175428044858	0.349577770439213	7.4	5.2	"Present"
150	"WIT"	0.371428571428571	0.681818181818182	0.396392229417206	0.387739463601533	0.612260536398467	0.0865199373926566	0.383910400422889	7.6	5.2	"Absent"
151	"WIT"	0.664736164736165	0.644913627639155	0.730576441102757	0.293023255813954	0.706976744186046	0.0654704467573714	0.697656302919461	8.8	9	"Present"
152	"WIT"	0.390957446808511	0.615720524017467	0.590194264569843	0.636568848758465	0.363431151241535	-0.021230630774372	0.490575855689177	7	6.4	"Absent"
153	"WIT"	0.79465611083622	0.79277108433735	0.904761904761905	1	0	0.0949832033789335	0.849709007799062	8	2.6	"Present"
154	"WIT"	0.135396518375242	0.630872483221476	0.1875	0.307692307692308	0.692307692307692	0.0489737695951874	0.161448259187621	6	5.6	"Absent"
155	"WIT"	0.542789598108747	0.46535677352637	0.578014184397163	0.605042016806723	0.394957983193277	-0.166316932604847	0.560401891252955	7	2.4	"Present"
156	"WIT"	0.727272727272727	0.333333333333333	0.606763285024155	0.226044226044226	0.773955773955774	-0.234897861786955	0.667018006148441	7	5.8	"Absent"
157	"WIT"	0.722506393861893	0.529953917050691	0.785087719298246	0.612244897959183	0.387755102040816	-0.102925518712633	0.753797056580069	5.8	4	"Present"
158	"WIT"	0	0.393412625800549	0	0.489795918367347	0.510204081632653	-0.218969406216957	0	7.6	7.6	"Absent"
159	"WIT"	0.259090909090909	0.539877300613497	0.361835748792271	0.442846328538986	0.557153671461014	-0.0646455830336406	0.31046332894159	6.8	7.2	"Present"
160	"WIT"	0	0.477272727272727	0	0.528264132066033	0.471735867933967	-0.141548709223205	0	9	3.6	"Absent"
161	"WIT"	0.797826086956522	0.247311827956989	0.742886178861789	0.189723320158103	0.810276679841897	-0.314839412272345	0.770356132909155	9	4.6	"Present"
162	"WIT"	0.120707070707071	0.353819643882826	5.55111512312578e-17	0.418604651162791	0.581395348837209	-0.246645292933623	0.0603535353535354	6.8	6.2	"Absent"
163	"WIT"	0.106382978723404	0.666666666666667	0.0514184397163121	0.560747663551402	0.439252336448598	0.0424076343478451	0.0789007092198582	8.2	3.8	"Present"
164	"WIT"	0.828048780487805	0.709219858156028	0.609819121447028	0.28476821192053	0.71523178807947	0.131158534176498	0.718933950967417	7	3.6	"Absent"
165	"WIT"	0.819047619047619	0.473684210526316	0.780487804878049	0	1	-0.0567082065079168	0.799767711962834	7.2	8	"Present"
166	"WIT"	0.0376940133037694	0.811059907834101	0.075134168157424	0.748549323017408	0.251450676982592	0.155363729603236	0.0564140907305967	6.8	5.2	"Absent"
167	"WIT"	0.819685690653433	0.715596330275229	0.740338164251208	0.748837209302326	0.251162790697674	0.0598519611861429	0.78001192745232	7.2	6.6	"Present"
168	"WIT"	0.577605321507761	0.461942257217848	0.620708748615725	0.183941605839416	0.816058394160584	-0.0992411502608333	0.599157035061743	4.2	1	"Absent"
169	"WIT"	0	0.274509803921569	0.0138760407030528	0.352720450281426	0.647279549718574	-0.31492641652307	0.00693802035152638	7.6	8.2	"Present"
170	"WIT"	0.213533834586466	0.799235181644359	0.0754573170731707	0.709810387469085	0.290189612530915	0.150023725501535	0.144495575829818	4.4	6.2	"Absent"
171	"WIT"	0.0706521739130435	0.327485380116959	0.0888888888888889	0.439024390243902	0.560975609756098	-0.276397728396183	0.0797705314009662	7.2	4.4	"Present"
172	"WIT"	0.484833164812942	0.451422963689892	0.354166666666667	0.387096774193548	0.612903225806452	-0.143767697444025	0.419499915739804	7.2	5.8	"Absent"
173	"WIT"	0.614718614718615	0.370786516853933	0.391096979332273	0.289817232375979	0.710182767624021	-0.2081199902471	0.502907797025444	7.8	3.4	"Present"
174	"WIT"	0.520263424518744	0.64519535374868	0.554040404040404	0.152887882219706	0.847112117780294	0.0892101987418938	0.537151914279574	6.4	6.6	"Absent"
175	"WIT"	0.665847665847666	0.727941176470588	0.779644268774703	0.690582959641255	0.309417040358745	0.0819483045290719	0.722745967311185	7.8	5.4	"Present"
176	"WIT"	0.889787664307381	0.211009174311927	0.602272727272727	0.314285714285714	0.685714285714286	-0.371993245669906	0.746030195790054	8	6.4	"Absent"
177	"WIT"	0.527667984189723	0.769874476987448	0.477756286266925	0.348148148148148	0.651851851851852	0.18120363917961	0.502712135228324	5.4	4.6	"Present"
178	"WIT"	0.675395526459356	0.86890756302521	0.450549450549451	0.0466666666666667	0.953333333333333	0.330703357674516	0.562972488504403	6.4	6.8	"Absent"
179	"WIT"	0.217948717948718	0.639344262295082	0.282894736842105	0.522935779816514	0.477064220183486	0.0214147677959094	0.250421727395412	5.2	7.2	"Present"
180	"WIT"	0.105263157894737	0.676470588235294	0.278924327704816	0.608846487424111	0.391153512575889	0.0441600309800929	0.192093742799776	9	4.6	"Absent"
181	"WIT"	0.735119047619048	0.449438202247191	0.774677002583979	0.309633027522936	0.690366972477064	-0.132785379075493	0.754898025101513	8.8	1.2	"Present"
182	"WIT"	0	0.430278884462151	0	0.320261437908497	0.679738562091503	-0.1537238445478	0	9	5.6	"Absent"
183	"WIT"	0.296788482834994	0.661417322834646	0.197674418604651	0.376811594202899	0.623188405797101	0.0679483541768076	0.247231450719823	6.8	7.6	"Present"
184	"WIT"	0.804166666666667	0.680851063829787	0.704787234042553	0.423423423423423	0.576576576576577	0.0795794863952246	0.75447695035461	7.8	2	"Absent"
185	"WIT"	0.567505720823799	0.547619047619048	0.687179487179487	0.573770491803279	0.426229508196721	-0.0788199470766018	0.627342604001643	7	2.6	"Present"
186	"WIT"	0.414285714285714	0.609756097560976	0.309848484848485	0.253567508232711	0.746432491767289	0.036917629850029	0.3620670995671	6.8	3.8	"Absent"
187	"WIT"	0.0254742547425475	0.524471635150167	0	0.539748953974895	0.460251046025105	-0.0962723084372862	0.0127371273712737	9	3.4	"Present"
188	"WIT"	0.764038570618264	0.689903846153846	0.624113475177305	0.113207547169811	0.886792452830189	0.140560999241404	0.694076022897785	5	6.4	"Absent"
189	"WIT"	0.684126984126984	0.226130653266332	0.812698412698413	0.23728813559322	0.76271186440678	-0.343982721309233	0.748412698412698	NA	NA	"Present"
190	"WIT"	0.236111111111111	0.509090909090909	0.208536585365854	0.568567026194145	0.431432973805855	-0.116477049065086	0.222323848238482	7.6	5.8	"Absent"
191	"WIT"	0.258741258741259	0.570754716981132	0.371621621621622	0.397849462365591	0.602150537634409	-0.0262358953777757	0.31518144018144	8.8	1.8	"Present"
192	"WIT"	0.127659574468085	0.48780487804878	0.158244680851064	0.480252764612954	0.519747235387046	-0.122979673318709	0.142952127659574	7.6	4.6	"Absent"
193	"WIT"	0.174901185770751	0.578443113772455	0.382125603864734	0.683346364347146	0.316653635652854	-0.0663383849425722	0.278513394817743	5.8	3	"Present"
194	"WIT"	0.2281284606866	0.753228120516499	0	0.499515972894482	0.500484027105518	0.139218995462055	0.1140642303433	9	7.2	"Absent"
195	"WIT"	0.00445324096981692	0.700795228628231	0	0.660766961651917	0.339233038348083	0.0597934195025022	0.00222662048490846	8	6.6	"Present"
196	"WIT"	0.763565891472868	0.704918032786885	0.637709137709138	0.671403197158082	0.328596802841918	0.0621357660841954	0.700637514591003	7.8	3.2	"Absent"
197	"WIT"	0.169671261930011	0.528735632183908	0.124735729386892	0.584541062801932	0.415458937198068	-0.0995063072407893	0.147203495658451	8.2	4.8	"Present"
198	"WIT"	0.181737588652482	0.661971830985916	0.297872340425532	0.424242424242424	0.575757575757576	0.0605631565293021	0.239804964539007	6.6	2.8	"Absent"
199	"WIT"	0.892229417206291	0.605150214592275	0.866600790513834	0.511111111111112	0.488888888888889	-0.0107998840032072	0.879415103860062	8.8	8.2	"Present"
200	"WIT"	0.618618618618619	0.708661417322835	0.685285285285285	0.858778625954199	0.141221374045801	0.0345133537888261	0.651951951951952	7.4	5.8	"Absent"
201	"WIT"	0.700676982591876	0.924071082390953	0.657364341085271	0.610859728506787	0.389140271493213	0.291423517710726	0.679020661838574	NA	NA	"Present"
202	"WIT"	0.210227272727273	0.60431654676259	0.152823920265781	0.505882352941177	0.494117647058823	-0.0107582814332884	0.181525596496527	7.2	3.4	"Absent"
203	"WIT"	0.20952380952381	0.674698795180723	0.46031746031746	0.205882352941177	0.794117647058823	0.1098426061621	0.334920634920635	8.2	5.6	"Present"
204	"WIT"	0.309898242368178	0.630026809651475	0.313695090439276	0.356174698795181	0.643825301204819	0.0400123636743663	0.311796666403727	6.8	5.6	"Absent"
205	"WIT"	0.738095238095238	1	0.883022774327122	0.185840707964602	0.814159292035398	0.438498691440034	0.81055900621118	7.4	5.8	"Present"
206	"WIT"	0.0454545454545454	0.476190476190476	0.0212765957446808	0.391304347826087	0.608695652173913	-0.119704513683654	0.0333655705996131	7.2	6.2	"Absent"
