"Subject"	"blockName"	"SelfConscious"	"Worried"	"Uncomf"	"Bothered"	"Good"	"Frust"	"Conf"	"Consist"	"Attent"	"Understood"	"Tried"	"Dread"	"Anx"	"Nerv"	"Worry"	"Good.rev"	"Anx_composite"
2	"APT_Qs_1"	5	5	2	4	3	5	4	3	5	6	6	3	2	3	3	5	0.253204291699805
2	"APT_Qs_2"	3	4	3	4	2	5	4	4	5	6	6	2	2	3	2	6	-0.0684836939126145
2	"WIT_Qs_1"	2	3	3	3	5	4	4	4	6	6	6	1	2	2	1	3	-0.551534960554088
2	"WIT_Qs_2"	1	3	2	3	3	4	5	4	6	6	6	1	2	2	1	5	-0.718726993719049
3	"APT_Qs_1"	1	1	1	1	6	6	4	4	4	6	6	1	4	5	3	2	-0.586565813992744
3	"APT_Qs_2"	1	2	1	4	3	6	6	3	3	6	6	1	2	2	1	5	-0.80452528891469
3	"WIT_Qs_1"	4	6	1	5	3	6	3	3	6	6	6	1	2	2	3	5	0.0143162401764318
3	"WIT_Qs_2"	3	5	1	3	2	5	2	3	6	6	6	1	1	1	2	6	-0.547369612967857
4	"APT_Qs_1"	1	4	1	1	1	6	6	6	6	6	6	5	3	1	1	7	-0.570437723026243
4	"APT_Qs_2"	1	4	5	1	1	6	6	6	6	6	6	5	3	1	1	7	-0.232864923538056
4	"WIT_Qs_1"	1	6	1	1	5	5	1	4	5	5	5	5	6	1	1	3	-0.176835594348862
4	"WIT_Qs_2"	1	4	1	1	4	6	6	6	6	6	6	1	1	1	1	4	-1.03748325307537
5	"APT_Qs_1"	6	4	1	1	2	3	5	5	6	6	6	1	1	2	2	6	-0.466197727875497
5	"APT_Qs_2"	6	4	1	1	2	4	5	4	6	6	6	1	1	2	2	6	-0.466197727875497
5	"WIT_Qs_1"	6	5	1	4	1	5	4	3	6	6	6	1	1	1	1	7	-0.296495557374501
5	"WIT_Qs_2"	6	6	1	5	2	4	2	2	6	6	6	1	1	2	2	6	0.0249951136407517
6	"APT_Qs_1"	5	3	2	4	3	1	3	3	6	6	6	2	3	2	1	5	-0.151373549377963
6	"APT_Qs_2"	4	3	3	4	3	1	3	3	6	6	6	3	2	2	1	5	-0.147016660823468
6	"WIT_Qs_1"	2	1	1	4	4	1	3	4	6	6	6	2	2	1	1	4	-0.804138703061983
6	"WIT_Qs_2"	4	2	1	4	3	1	3	3	6	6	6	2	2	3	1	5	-0.398995220730897
7	"APT_Qs_1"	4	3	3	2	4	3	5	3	4	5	6	3	1	1	1	4	-0.464181924109513
7	"APT_Qs_2"	2	3	2	3	3	4	3	4	3	4	3	4	3	4	3	5	-0.00906091559765487
7	"WIT_Qs_1"	3	4	4	4	3	4	3	4	3	4	3	3	3	4	3	5	0.327961867385992
7	"WIT_Qs_2"	2	2	2	2	4	2	2	3	4	3	4	3	4	3	4	4	-0.175475003061147
8	"APT_Qs_1"	1	1	1	1	4	2	4	1	6	6	6	1	1	1	1	4	-1.28588986448068
8	"APT_Qs_2"	1	1	1	1	4	2	2	2	6	6	6	1	1	1	1	4	-1.28588986448068
8	"WIT_Qs_1"	1	1	1	1	4	2	2	1	6	6	6	1	1	1	1	4	-1.28588986448068
8	"WIT_Qs_2"	1	1	1	1	4	2	2	1	6	6	6	1	1	1	1	4	-1.28588986448068
9	"APT_Qs_1"	2	2	2	1	3	3	6	5	1	2	1	1	1	1	2	5	-0.956976074750389
9	"APT_Qs_2"	1	2	1	1	1	5	4	2	6	6	6	1	1	1	2	7	-1.12416810791535
9	"WIT_Qs_1"	1	2	1	2	2	6	1	3	6	6	6	1	3	1	1	6	-0.96969207148484
9	"WIT_Qs_2"	1	2	2	2	2	6	6	1	5	6	6	1	4	1	2	6	-0.730380078491286
10	"APT_Qs_1"	2	2	1	1	5	4	6	5	6	6	6	3	5	3	5	3	-0.186346518289864
10	"APT_Qs_2"	4	5	1	2	1	5	6	5	5	6	6	3	6	3	3	7	0.227215003010278
10	"WIT_Qs_1"	1	2	1	1	5	4	5	5	6	6	6	1	4	1	1	3	-0.975089939605071
10	"WIT_Qs_2"	4	3	1	2	5	4	5	5	6	6	6	1	4	1	1	3	-0.562494127446383
11	"APT_Qs_1"	1	1	1	4	5	4	5	5	3	6	6	1	2	2	1	3	-0.88732749271646
11	"APT_Qs_2"	1	3	1	3	5	5	5	1	2	6	6	1	2	1	2	3	-0.802572446799279
11	"WIT_Qs_1"	2	2	1	2	5	3	6	3	5	6	6	1	4	4	2	3	-0.496859027155188
11	"WIT_Qs_2"	1	1	1	3	5	3	5	1	5	6	6	1	2	2	2	3	-0.889805048431077
12	"APT_Qs_1"	3	4	3	3	4	5	4	4	6	5	6	1	1	1	1	4	-0.540304969789095
12	"APT_Qs_2"	4	4	3	4	2	6	3	4	6	6	6	1	2	1	2	6	-0.221190234896497
12	"WIT_Qs_1"	5	5	4	4	4	6	2	3	5	5	5	3	5	4	4	4	0.807279771253043
12	"WIT_Qs_2"	3	3	4	4	2	6	2	3	6	5	6	3	2	2	3	6	0.0124168112827861
13	"APT_Qs_1"	5	4	2	4	4	5	6	2	5	6	6	3	1	4	2	4	0.0938551007482712
13	"APT_Qs_2"	4	2	4	3	5	6	5	1	2	6	6	2	3	3	1	3	-0.151213489234986
13	"WIT_Qs_1"	6	5	6	5	4	5	3	1	1	6	6	2	3	4	4	4	0.909501869719026
13	"WIT_Qs_2"	5	4	6	4	4	5	3	6	2	3	6	6	5	6	6	4	1.4441319716659
14	"APT_Qs_1"	6	6	3	4	1	6	5	1	4	4	6	1	7	1	1	7	0.411088488319044
14	"APT_Qs_2"	6	6	4	1	1	6	6	1	3	6	6	1	7	1	1	7	0.251290362756561
14	"WIT_Qs_1"	6	6	4	4	1	6	6	1	5	1	6	1	3	1	1	7	0.191484726759304
14	"WIT_Qs_2"	6	6	3	3	1	6	6	1	5	6	6	1	5	1	1	7	0.177692899124974
15	"APT_Qs_1"	4	6	4	6	2	6	2	1	5	6	6	5	5	6	4	6	1.28434449532836
15	"APT_Qs_2"	6	5	6	6	5	6	6	1	6	6	6	6	6	6	5	3	1.76960691331132
15	"WIT_Qs_1"	5	6	4	4	2	6	1	1	6	6	6	4	5	5	4	6	1.04721554335987
15	"WIT_Qs_2"	5	6	5	6	1	6	2	1	6	6	6	7	6	6	4	7	1.68505929351788
16	"APT_Qs_1"	2	2	4	5	5	3	5	4	4	6	6	4	5	4	3	3	0.391715978016915
16	"APT_Qs_2"	3	3	4	5	3	4	4	3	4	6	6	4	4	3	4	5	0.481865521545469
16	"WIT_Qs_1"	2	4	3	5	4	5	3	1	3	5	6	5	5	5	4	4	0.708980306817022
16	"WIT_Qs_2"	3	4	4	4	3	5	5	2	4	6	6	5	5	5	4	5	0.794775231503806
17	"APT_Qs_1"	4	3	2	4	4	5	4	1	5	5	5	2	4	3	3	4	0.0780377691859352
17	"APT_Qs_2"	3	3	2	3	4	5	5	1	4	5	5	2	4	4	4	4	0.0711331861501496
17	"WIT_Qs_1"	3	4	2	3	3	5	2	1	5	5	5	2	3	3	3	5	-0.0793552091413309
17	"WIT_Qs_2"	3	4	3	3	5	5	5	1	4	5	5	2	3	3	3	3	0.00503799073071597
18	"APT_Qs_1"	4	3	2	6	1	5	1	1	6	6	6	2	6	5	1	7	0.391734973274549
18	"APT_Qs_2"	2	4	1	5	1	6	1	1	3	6	4	5	1	1	1	7	-0.314048936536516
18	"WIT_Qs_1"	5	6	4	5	2	4	1	1	5	6	6	6	6	6	3	6	1.36158767007079
18	"WIT_Qs_2"	5	5	3	6	1	1	1	1	5	6	6	1	7	6	5	7	1.11581890909368
19	"APT_Qs_1"	2	6	2	1	2	6	1	1	5	3	5	6	3	6	6	6	0.62757727375209
19	"APT_Qs_2"	2	5	4	2	5	3	2	1	5	5	5	5	3	5	6	3	0.637825009867538
19	"WIT_Qs_1"	3	5	2	1	2	5	2	1	4	5	5	2	2	5	5	6	0.0792362548167491
19	"WIT_Qs_2"	2	3	2	2	2	5	1	1	5	5	5	6	4	5	5	6	0.379275652447596
20	"APT_Qs_1"	3	4	2	5	2	6	4	2	5	6	6	3	3	4	4	6	0.319492128883635
20	"APT_Qs_2"	3	5	1	6	2	6	3	2	4	6	6	3	4	3	3	6	0.318006122914178
20	"WIT_Qs_1"	3	5	1	2	3	5	6	5	6	6	6	1	2	3	1	5	-0.47494342190816
20	"WIT_Qs_2"	3	5	1	5	3	5	3	2	5	6	6	1	1	3	1	5	-0.306751336831576
21	"APT_Qs_1"	5	6	4	2	3	5	3	2	5	6	6	1	5	3	2	5	0.333553321932979
21	"APT_Qs_2"	5	5	5	2	1	6	3	2	6	6	6	2	7	3	1	7	0.486985008288896
21	"WIT_Qs_1"	6	5	6	2	1	5	2	2	6	6	6	3	7	6	1	7	0.968054221702397
21	"WIT_Qs_2"	6	2	6	1	2	6	5	2	6	6	6	4	7	4	2	6	0.639188204972288
22	"APT_Qs_1"	1	1	1	1	3	3	3	3	6	6	6	1	1	1	1	5	-1.28588986448068
22	"APT_Qs_2"	1	1	1	2	2	3	3	2	6	6	6	1	3	1	1	6	-1.05249427528661
22	"WIT_Qs_1"	3	2	1	2	3	4	1	2	6	5	6	1	3	2	1	5	-0.725722598927269
22	"WIT_Qs_2"	3	3	3	3	3	4	2	3	6	6	6	1	2	1	1	5	-0.547107933232919
23	"APT_Qs_1"	2	2	3	4	4	5	4	4	6	6	6	3	5	5	5	4	0.383374818832248
23	"APT_Qs_2"	3	4	4	4	3	5	4	5	6	6	6	3	5	6	5	5	0.794543065572494
23	"WIT_Qs_1"	5	5	2	4	4	5	5	5	6	6	6	4	5	4	3	4	0.638335581078697
23	"WIT_Qs_2"	5	4	3	5	4	5	5	5	6	6	6	3	5	5	5	4	0.878772834792707
24	"APT_Qs_1"	3	4	2	2	3	5	3	4	5	6	6	2	3	3	4	5	-0.0818327648559471
24	"APT_Qs_2"	4	4	2	2	3	5	2	4	5	6	6	2	3	3	3	5	-0.0779534843265941
24	"WIT_Qs_1"	5	5	2	2	2	4	3	4	5	6	6	2	4	5	2	6	0.241470852305964
24	"WIT_Qs_2"	3	5	2	2	3	4	3	3	5	6	5	2	3	3	3	5	-0.0779501138177368
25	"APT_Qs_1"	4	4	2	1	4	6	6	1	3	6	6	3	3	2	2	4	-0.237880189206767
25	"APT_Qs_2"	3	3	2	1	3	6	5	1	4	6	6	4	2	2	1	5	-0.479638257089651
25	"WIT_Qs_1"	2	3	2	2	3	5	5	1	5	6	6	2	3	3	3	5	-0.326353354714192
25	"WIT_Qs_2"	2	4	2	1	4	6	5	1	5	6	6	2	5	3	3	4	-0.172949778674705
26	"APT_Qs_1"	1	1	1	1	2	6	4	1	4	6	6	1	1	1	1	6	-1.28588986448068
26	"APT_Qs_2"	1	1	1	1	3	6	4	2	4	6	6	1	1	1	1	5	-1.28588986448068
26	"WIT_Qs_1"	2	1	1	1	4	6	4	2	4	6	6	1	1	1	1	4	-1.20309103118777
26	"WIT_Qs_2"	1	1	1	1	1	5	5	2	5	6	6	1	1	1	1	7	-1.28588986448068
27	"APT_Qs_1"	1	5	1	1	5	3	6	1	6	6	6	1	3	3	1	3	-0.645938956614217
27	"APT_Qs_2"	1	4	1	1	3	5	5	1	6	6	6	1	3	3	1	5	-0.728741160415987
27	"WIT_Qs_1"	1	1	1	1	5	4	5	4	6	6	6	1	5	3	1	3	-0.825149291105407
27	"WIT_Qs_2"	1	1	1	1	5	5	5	3	6	6	6	1	3	3	1	3	-0.9771477718213
28	"APT_Qs_1"	3	5	4	2	4	1	5	5	6	6	6	4	1	1	1	4	-0.218221387593529
28	"APT_Qs_2"	2	4	1	1	3	1	6	6	6	6	6	1	1	1	1	5	-0.954684419782455
28	"WIT_Qs_1"	4	4	2	5	2	1	5	4	6	6	6	2	3	5	5	6	0.480820558578545
28	"WIT_Qs_2"	2	5	2	4	5	1	5	5	6	6	6	1	3	3	3	3	-0.076716492487605
29	"APT_Qs_1"	5	5	3	4	3	4	2	3	5	5	6	2	3	5	5	5	0.6494176870671
29	"APT_Qs_2"	4	5	3	2	2	4	2	3	4	5	6	3	2	5	4	6	0.327667606029634
29	"WIT_Qs_1"	4	5	3	5	2	3	2	3	5	5	6	2	3	5	5	6	0.648015962252363
29	"WIT_Qs_2"	4	5	3	5	2	3	2	3	3	4	6	2	3	5	5	6	0.648015962252363
30	"APT_Qs_1"	5	5	5	5	2	6	5	2	5	5	6	5	5	5	5	6	1.28788496300519
30	"APT_Qs_2"	5	5	5	5	2	5	4	2	6	6	6	5	5	4	4	6	1.13059360426988
30	"WIT_Qs_1"	5	5	4	5	4	4	3	2	5	6	6	3	5	4	3	4	0.80975732696766
30	"WIT_Qs_2"	5	5	5	5	3	4	3	2	5	5	5	3	5	5	5	5	1.13036143833857
31	"APT_Qs_1"	3	3	3	4	3	3	2	2	4	4	5	2	2	2	2	5	-0.229657703686129
31	"APT_Qs_2"	2	2	3	3	4	5	5	3	3	3	4	2	2	2	2	4	-0.47665584925899
31	"WIT_Qs_1"	4	3	3	4	5	4	2	2	5	5	5	1	1	1	1	3	-0.458911231819775
31	"WIT_Qs_2"	2	2	2	2	3	4	3	4	3	3	6	3	3	3	3	5	-0.330393796182655
32	"APT_Qs_1"	4	6	4	6	1	6	3	1	6	6	6	7	6	6	6	7	1.67570636588004
32	"APT_Qs_2"	6	6	6	6	1	6	1	1	6	6	6	7	7	7	7	7	2.24338103130321
32	"WIT_Qs_1"	6	6	6	6	1	1	1	1	2	6	6	7	7	7	7	7	2.24338103130321
32	"WIT_Qs_2"	6	6	6	6	1	1	1	1	5	6	6	7	7	7	7	7	2.24338103130321
33	"APT_Qs_1"	4	4	4	4	3	4	3	3	4	5	5	4	5	4	5	5	0.799360049255228
33	"APT_Qs_2"	4	4	4	4	3	4	3	3	4	5	5	4	5	4	5	5	0.799360049255228
33	"WIT_Qs_1"	4	4	4	4	3	4	3	3	4	5	5	5	5	5	5	5	0.95649361756028
33	"WIT_Qs_2"	4	4	4	3	4	4	3	3	3	5	5	4	5	5	5	4	0.796334746748795
34	"APT_Qs_1"	5	4	2	5	3	2	4	2	6	6	6	3	4	4	2	5	0.403249930300288
34	"APT_Qs_2"	4	5	2	5	3	4	3	3	5	6	6	3	4	3	3	5	0.403801047600962
34	"WIT_Qs_1"	5	4	2	4	4	1	5	3	6	6	6	3	2	3	3	4	0.170402087898034
34	"WIT_Qs_2"	5	4	2	5	4	1	5	4	6	6	6	3	4	4	3	4	0.482169483063848
35	"APT_Qs_1"	1	2	1	1	5	1	4	3	4	5	6	1	1	1	1	3	-1.20308766067891
35	"APT_Qs_2"	5	2	1	1	5	1	6	4	4	6	6	1	1	1	1	3	-0.871892327507257
35	"WIT_Qs_1"	5	1	1	1	5	1	6	5	3	5	6	1	1	1	1	3	-0.954694531309027
35	"WIT_Qs_2"	5	2	1	4	6	1	6	5	4	5	6	1	1	1	1	2	-0.627701002072726
36	"APT_Qs_1"	4	5	4	5	3	4	3	3	5	6	6	3	4	4	3	5	0.650959253316799
36	"APT_Qs_2"	4	5	3	4	3	4	4	3	4	6	6	4	3	3	5	5	0.567398766497314
36	"WIT_Qs_1"	3	5	3	5	2	4	3	2	5	6	6	4	5	4	3	6	0.638528222843094
36	"WIT_Qs_2"	4	5	3	4	5	5	3	3	5	6	6	4	3	5	4	3	0.645222825677242
37	"APT_Qs_1"	6	6	6	6	1	6	1	1	1	6	6	5	5	5	5	7	1.6192763084501
37	"APT_Qs_2"	6	6	6	6	1	6	1	1	1	6	6	5	5	5	5	7	1.6192763084501
37	"WIT_Qs_1"	6	6	4	6	1	6	1	1	1	6	6	5	5	5	5	7	1.450489908706
37	"WIT_Qs_2"	6	6	6	6	1	6	1	1	3	6	6	5	5	5	5	7	1.6192763084501
38	"APT_Qs_1"	5	5	5	4	2	5	6	4	6	6	6	4	5	5	6	6	1.20664564495726
38	"APT_Qs_2"	5	5	4	4	2	5	4	4	6	6	6	4	5	6	5	6	1.1217046982934
38	"WIT_Qs_1"	4	5	2	4	1	1	5	5	5	6	6	3	5	5	6	7	0.791905449714901
38	"WIT_Qs_2"	4	5	3	5	2	2	4	4	4	6	6	3	5	6	5	6	0.957148011273309
39	"APT_Qs_1"	1	1	1	1	5	3	4	3	6	6	6	1	1	1	1	3	-1.28588986448068
39	"APT_Qs_2"	1	1	1	4	3	1	4	4	3	6	6	1	1	1	1	5	-1.04169853904615
39	"WIT_Qs_1"	1	1	1	1	4	4	3	1	6	6	6	1	1	1	1	4	-1.28588986448068
39	"WIT_Qs_2"	1	1	1	1	3	3	3	3	6	6	6	1	1	1	1	5	-1.28588986448068
40	"APT_Qs_1"	3	5	1	1	4	2	2	1	6	6	6	1	1	1	1	4	-0.789083382687771
40	"APT_Qs_2"	1	4	1	1	4	1	2	1	6	6	4	1	1	1	1	4	-1.03748325307537
40	"WIT_Qs_1"	2	4	1	1	2	3	4	2	6	6	5	1	1	1	1	6	-0.954684419782455
40	"WIT_Qs_2"	2	3	1	1	5	1	2	2	6	6	5	1	1	1	1	3	-1.03748662358423
41	"APT_Qs_1"	3	2	1	1	3	3	5	2	6	1	6	3	2	2	2	5	-0.646675870333216
41	"APT_Qs_2"	4	2	1	1	4	3	4	1	5	5	5	3	3	3	3	4	-0.330586437947051
41	"WIT_Qs_1"	2	1	2	1	3	3	6	1	6	6	6	4	3	3	1	5	-0.573670451656415
41	"WIT_Qs_2"	1	2	2	1	4	3	5	1	5	6	6	5	3	2	2	4	-0.494357572022433
42	"APT_Qs_1"	1	4	1	1	3	5	6	6	6	6	6	1	2	2	2	5	-0.804192653982118
42	"APT_Qs_2"	1	5	1	1	2	5	6	6	6	6	6	1	1	1	3	6	-0.796841943746477
42	"WIT_Qs_1"	1	2	1	2	5	3	6	6	6	6	6	1	1	1	1	3	-1.12169055220073
42	"WIT_Qs_2"	1	3	1	1	5	2	6	6	6	6	6	1	1	1	1	3	-1.12028545687714
43	"APT_Qs_1"	4	4	4	4	5	5	4	4	3	6	6	3	4	4	5	3	0.644599046563973
43	"APT_Qs_2"	4	3	4	4	3	5	4	4	2	6	6	4	5	5	5	5	0.794929651425201
43	"WIT_Qs_1"	5	5	3	4	4	5	4	5	5	6	6	3	5	5	4	4	0.801258377352741
43	"WIT_Qs_2"	5	4	3	4	4	5	4	3	2	6	6	4	5	5	5	4	0.876137488647838
44	"APT_Qs_1"	4	2	4	1	3	6	3	5	3	6	6	5	4	3	2	5	0.0771963739300918
44	"APT_Qs_2"	3	2	2	2	4	6	5	5	4	6	6	1	1	2	2	4	-0.714408327007555
44	"WIT_Qs_1"	3	2	4	2	5	6	4	4	3	6	6	2	2	2	2	3	-0.390860924572207
44	"WIT_Qs_2"	2	3	2	2	2	1	2	1	2	6	6	2	2	2	2	6	-0.559643953807443
45	"APT_Qs_1"	6	5	4	4	1	2	2	4	6	6	6	4	5	6	6	7	1.28342308434987
45	"APT_Qs_2"	5	5	4	3	5	5	2	2	6	6	6	5	6	6	6	3	1.27398814527004
45	"WIT_Qs_1"	4	5	2	5	2	2	2	2	6	6	6	2	5	5	6	6	0.79454079585977
45	"WIT_Qs_2"	4	5	3	5	2	4	2	2	6	6	6	2	5	5	5	6	0.800014442968256
46	"APT_Qs_1"	3	4	3	2	3	6	5	1	6	6	6	1	2	2	3	5	-0.30949192641046
46	"APT_Qs_2"	3	3	3	2	3	6	2	1	5	6	6	2	2	2	2	5	-0.392451920642483
46	"WIT_Qs_1"	4	5	1	3	3	5	5	2	4	6	6	1	2	3	3	5	-0.152908374609948
46	"WIT_Qs_2"	3	3	2	2	4	5	6	2	5	6	6	1	2	3	2	4	-0.477235076876094
47	"APT_Qs_1"	4	4	3	4	3	5	3	3	4	5	6	1	2	3	3	5	0.0144729298105514
47	"APT_Qs_2"	4	4	3	4	3	5	3	3	5	6	6	1	2	4	4	5	0.171764288545856
47	"WIT_Qs_1"	4	4	3	4	3	3	3	3	5	5	6	3	2	3	2	5	0.0930769017136071
47	"WIT_Qs_2"	3	4	3	4	3	3	3	3	5	5	6	2	2	2	2	5	-0.146855499884359
48	"APT_Qs_1"	2	3	2	2	4	4	4	4	4	5	5	1	1	1	1	4	-0.871696315234003
48	"APT_Qs_2"	1	2	2	2	5	5	5	5	4	5	5	1	1	1	1	3	-1.03729735232869
48	"WIT_Qs_1"	4	3	2	5	4	4	2	6	5	5	5	2	2	2	2	4	-0.149854961787086
48	"WIT_Qs_2"	2	2	2	2	5	3	2	4	5	5	5	2	2	3	2	3	-0.56407435163747
49	"APT_Qs_1"	2	4	2	2	4	5	3	3	3	5	5	3	3	2	3	4	-0.243161194550857
49	"APT_Qs_2"	2	3	2	2	3	4	3	3	2	6	6	2	2	2	2	5	-0.559643953807443
49	"WIT_Qs_1"	2	2	2	2	4	4	3	3	4	6	6	2	2	2	2	4	-0.642446157609214
49	"WIT_Qs_2"	2	3	2	3	2	3	3	3	2	6	6	2	2	2	2	6	-0.478246845329266
50	"APT_Qs_1"	5	5	4	2	2	5	3	3	4	5	6	3	5	4	6	6	0.802324659823811
50	"APT_Qs_2"	4	4	5	3	2	6	3	4	4	5	6	3	4	5	6	6	0.804886496693148
50	"WIT_Qs_1"	3	4	4	4	3	5	3	2	4	5	6	2	3	4	5	5	0.407039210579805
50	"WIT_Qs_2"	3	4	4	4	2	5	3	2	4	5	6	2	3	4	5	6	0.407039210579805
51	"APT_Qs_1"	1	1	1	1	2	6	5	1	6	6	6	1	4	1	1	6	-1.05789214340684
51	"APT_Qs_2"	2	1	1	1	3	4	1	1	6	6	6	1	5	1	1	5	-0.899094069755981
51	"WIT_Qs_1"	1	1	1	3	4	6	4	1	6	6	6	1	3	1	1	4	-0.971097166808434
51	"WIT_Qs_2"	5	1	1	3	1	6	3	2	6	6	6	1	6	1	1	7	-0.411904112562941
52	"APT_Qs_1"	1	1	2	1	4	5	6	5	4	6	6	1	2	1	1	4	-1.12549742425069
52	"APT_Qs_2"	1	1	2	1	2	4	5	5	4	6	6	1	1	1	1	6	-1.20149666460863
52	"WIT_Qs_1"	1	1	2	1	5	4	5	5	6	6	6	1	1	1	1	3	-1.20149666460863
52	"WIT_Qs_2"	1	3	1	1	4	5	5	5	5	6	6	1	1	1	1	4	-1.12028545687714
53	"APT_Qs_1"	5	4	4	2	2	5	6	6	6	6	6	4	4	4	4	6	0.564445872470281
53	"APT_Qs_2"	5	5	4	2	5	6	6	6	4	6	6	4	4	4	4	3	0.647248076272051
53	"WIT_Qs_1"	4	2	5	2	4	2	6	6	6	6	6	4	3	3	3	4	0.167145232352621
53	"WIT_Qs_2"	4	3	5	2	5	2	5	6	6	6	6	3	3	3	3	3	0.171185673821084
54	"APT_Qs_1"	5	1	4	2	3	5	2	4	5	6	5	2	5	3	2	5	-0.0016959347425665
54	"APT_Qs_2"	5	2	4	2	3	6	2	3	5	6	6	1	3	2	1	5	-0.306945332725302
54	"WIT_Qs_1"	4	1	6	6	5	5	2	3	5	6	6	1	4	2	1	3	0.0978277041947612
54	"WIT_Qs_2"	4	1	4	3	2	5	3	5	5	6	6	1	4	2	1	6	-0.315150020983863
55	"APT_Qs_1"	4	4	4	3	5	4	6	4	3	6	6	2	5	4	3	3	0.402600310583314
55	"APT_Qs_2"	5	4	2	4	5	5	3	4	3	6	6	4	5	4	1	3	0.397694271749805
55	"WIT_Qs_1"	4	3	4	4	4	5	5	5	2	6	6	3	3	3	2	4	0.17066713814183
55	"WIT_Qs_2"	4	5	3	4	4	4	2	2	5	6	6	3	3	4	2	4	0.330250151845069
56	"APT_Qs_1"	3	2	2	2	3	5	3	2	3	5	4	1	1	2	1	5	-0.793327879771116
56	"APT_Qs_2"	3	2	2	3	3	3	4	4	3	5	5	1	1	2	1	5	-0.711930771292939
56	"WIT_Qs_1"	3	3	2	4	3	5	3	3	5	3	4	1	1	2	1	5	-0.547731459012992
56	"WIT_Qs_2"	3	3	2	3	4	3	4	4	5	6	3	1	1	2	1	4	-0.629128567491168
57	"APT_Qs_1"	2	5	3	2	3	5	4	4	3	4	5	3	5	5	3	5	0.311148107754086
57	"APT_Qs_2"	2	3	3	2	4	5	4	3	4	5	5	3	5	5	4	4	0.224463252914105
57	"WIT_Qs_1"	3	3	3	3	3	4	4	3	3	4	4	4	5	4	3	5	0.310129598283199
57	"WIT_Qs_2"	3	4	4	3	2	4	4	3	4	5	5	4	5	4	3	6	0.477325001957017
58	"APT_Qs_1"	5	6	4	5	3	4	3	3	6	6	6	5	6	5	6	5	1.44121276005642
58	"APT_Qs_2"	5	6	4	6	3	5	2	3	5	6	6	6	6	5	6	5	1.6013716308679
58	"WIT_Qs_1"	3	4	3	5	4	5	3	4	6	6	6	3	5	5	4	4	0.63425561544332
58	"WIT_Qs_2"	4	5	4	5	4	4	4	4	5	6	6	4	5	5	4	4	0.963011614743359
59	"APT_Qs_1"	4	4	2	4	3	2	4	3	5	5	6	2	3	3	3	5	0.0848407326297593
59	"APT_Qs_2"	4	4	3	4	3	3	4	5	5	5	6	2	3	3	3	5	0.169233932501806
59	"WIT_Qs_1"	1	2	1	3	3	2	3	3	4	5	6	2	2	2	2	5	-0.728241082295998
59	"WIT_Qs_2"	4	4	3	4	4	3	5	5	5	5	6	2	3	3	2	4	0.0903143797382456
60	"APT_Qs_1"	4	2	2	2	4	5	5	4	5	5	5	2	4	6	3	4	0.0675567663430433
60	"APT_Qs_2"	1	2	2	2	5	5	5	4	5	5	5	2	2	3	3	3	-0.567953632166823
60	"WIT_Qs_1"	2	2	2	2	5	5	5	4	5	5	5	2	2	4	4	3	-0.327863440138605
60	"WIT_Qs_2"	2	2	2	2	5	5	5	4	5	6	6	2	2	3	3	3	-0.485154798873909
61	"APT_Qs_1"	2	2	2	2	5	2	5	5	6	6	6	1	1	1	1	3	-0.954498519035773
61	"APT_Qs_2"	1	1	1	1	5	2	5	5	6	6	6	1	1	1	1	3	-1.28588986448068
61	"WIT_Qs_1"	3	5	1	3	4	2	4	5	6	6	6	2	3	3	1	4	-0.238785310738728
61	"WIT_Qs_2"	2	2	2	2	5	3	5	5	6	6	6	2	2	2	1	3	-0.721365710372775
62	"APT_Qs_1"	1	6	4	1	2	6	6	6	6	5	6	3	6	4	5	6	0.469614109570137
62	"APT_Qs_2"	1	5	1	1	3	6	1	4	6	5	6	1	7	4	5	5	0.0521080218435562
62	"WIT_Qs_1"	1	4	4	1	4	6	6	6	6	6	6	1	4	5	5	4	0.0728595025558302
62	"WIT_Qs_2"	1	4	2	1	5	6	6	6	6	6	6	1	3	3	4	3	-0.407589302253259
63	"APT_Qs_1"	6	5	2	4	3	4	2	1	6	6	6	2	2	3	4	5	0.336160915422971
63	"APT_Qs_2"	3	3	2	4	4	3	3	2	6	6	6	2	3	3	4	4	-0.00184075170136444
63	"WIT_Qs_1"	4	4	1	4	3	5	2	2	6	6	6	1	4	4	3	5	0.076056816754095
63	"WIT_Qs_2"	2	3	1	4	3	4	2	2	6	6	6	1	3	3	4	5	-0.247794547199633
64	"APT_Qs_1"	2	3	2	2	3	4	3	4	5	1	5	2	3	3	3	5	-0.326353354714192
64	"APT_Qs_2"	3	3	3	3	3	4	3	3	5	6	5	2	3	3	3	5	-0.0777642130710548
64	"WIT_Qs_1"	4	4	3	3	3	4	4	3	4	5	5	2	3	3	3	5	0.0878368240236295
64	"WIT_Qs_2"	3	3	3	4	3	4	2	2	4	6	5	2	4	3	3	5	0.0796321357650685
65	"APT_Qs_1"	4	4	5	4	2	5	3	2	4	6	5	4	5	5	5	6	0.962125055099019
65	"APT_Qs_2"	4	5	5	4	3	5	3	2	5	6	5	3	4	5	4	5	0.811246703445974
65	"WIT_Qs_1"	4	4	5	5	3	4	3	3	3	6	5	3	4	4	5	5	0.810389354914197
65	"WIT_Qs_2"	3	2	4	4	5	4	4	3	4	6	5	3	4	4	3	3	0.238356700140397
66	"APT_Qs_1"	2	5	3	4	3	4	5	5	3	5	6	4	5	5	3	5	0.552704087043748
66	"APT_Qs_2"	4	5	4	4	3	4	4	3	3	6	6	3	5	5	3	5	0.723933191168313
66	"WIT_Qs_1"	5	4	6	4	4	5	5	5	5	6	6	3	3	6	4	4	0.898009098422961
66	"WIT_Qs_2"	4	4	5	4	3	4	4	5	3	6	6	3	4	5	5	5	0.807364052407764
67	"APT_Qs_1"	4	4	4	2	3	5	5	5	6	6	6	4	5	5	5	5	0.714937638270618
67	"APT_Qs_2"	4	4	4	5	4	5	5	5	5	6	6	4	5	5	4	4	0.880209410941588
67	"WIT_Qs_1"	3	4	4	5	4	5	5	5	5	6	6	4	5	4	4	4	0.719038771676931
67	"WIT_Qs_2"	3	4	4	5	4	5	5	5	6	6	6	4	5	4	4	4	0.719038771676931
68	"APT_Qs_1"	6	6	5	6	1	6	1	1	5	6	6	6	5	6	4	7	1.61309712411954
68	"APT_Qs_2"	6	6	6	6	1	6	1	1	6	6	6	5	5	6	6	7	1.7765676671854
68	"WIT_Qs_1"	6	6	6	6	1	6	1	1	6	6	6	6	6	6	6	7	1.93132866987666
68	"WIT_Qs_2"	6	6	6	6	1	6	1	1	6	6	6	6	6	6	6	7	1.93132866987666
69	"APT_Qs_1"	3	2	1	1	6	4	6	4	6	6	6	2	4	4	2	2	-0.416695540007143
69	"APT_Qs_2"	2	2	1	2	5	4	6	4	5	6	6	2	4	3	2	3	-0.496469070793624
69	"WIT_Qs_1"	4	3	1	1	4	4	4	4	5	5	6	2	5	5	2	4	-0.0967234565827676
69	"WIT_Qs_2"	4	3	2	2	4	5	4	4	3	6	6	2	5	5	2	4	0.069066851767456
70	"APT_Qs_1"	2	4	4	3	4	2	3	4	3	6	6	1	2	1	1	4	-0.462711362852015
70	"APT_Qs_2"	2	1	2	2	2	4	1	2	3	6	6	1	2	1	2	6	-0.882381929716037
70	"WIT_Qs_1"	2	2	3	5	5	1	3	2	6	6	6	1	1	1	1	3	-0.625913993729196
70	"WIT_Qs_2"	2	1	1	2	4	2	1	2	6	6	6	2	1	1	1	4	-1.04293216037628
71	"APT_Qs_1"	4	4	2	6	3	6	2	3	6	6	6	2	3	3	2	5	0.168715396822552
71	"APT_Qs_2"	5	5	2	5	2	6	1	1	6	6	6	4	3	4	2	6	0.48881465607742
71	"WIT_Qs_1"	6	6	2	6	1	6	1	1	6	6	6	4	4	4	3	7	0.890731594771788
71	"WIT_Qs_2"	6	6	2	6	1	6	1	1	6	6	6	5	4	4	3	7	0.969493357105096
72	"APT_Qs_1"	4	3	2	3	5	5	5	4	6	6	6	2	3	3	2	3	-0.158278132413749
72	"APT_Qs_2"	3	4	3	3	2	4	3	3	6	6	6	2	3	3	2	6	-0.0738815620328446
72	"WIT_Qs_1"	4	4	4	5	4	3	5	4	5	6	6	4	3	5	2	4	0.570371824698574
72	"WIT_Qs_2"	4	4	3	4	4	2	5	4	5	6	6	2	2	2	2	4	-0.0640566665914451
73	"APT_Qs_1"	4	5	3	5	3	2	4	3	3	4	6	4	3	3	3	5	0.49095676944837
73	"APT_Qs_2"	4	5	4	5	4	4	4	4	4	5	5	4	4	4	4	4	0.808640568413668
73	"WIT_Qs_1"	2	2	2	2	6	2	5	5	5	5	5	3	2	2	2	2	-0.563684395275906
73	"WIT_Qs_2"	3	3	4	4	4	2	5	5	6	6	6	3	3	3	3	4	0.166787857612477
74	"APT_Qs_1"	4	4	3	5	4	5	4	3	6	6	6	3	4	5	6	4	0.798894313905408
74	"APT_Qs_2"	4	5	5	5	4	5	4	2	6	6	6	3	4	5	6	4	1.05048291745127
74	"WIT_Qs_1"	4	5	2	5	2	2	3	2	5	6	6	5	6	6	5	6	1.10627757642582
74	"WIT_Qs_2"	4	5	4	5	2	4	3	2	6	6	6	3	5	5	6	6	1.04208895793717
75	"APT_Qs_1"	2	1	2	1	3	5	4	5	2	6	6	1	3	2	1	5	-0.888327544628083
75	"APT_Qs_2"	1	1	1	1	3	5	5	5	3	6	6	1	1	1	1	5	-1.28588986448068
75	"WIT_Qs_1"	1	1	1	1	3	5	3	3	3	6	6	1	1	2	1	5	-1.20751805850894
75	"WIT_Qs_2"	1	1	1	1	1	3	3	3	2	6	6	1	1	1	1	7	-1.28588986448068
76	"APT_Qs_1"	3	2	1	3	4	5	3	4	5	6	6	1	3	2	1	4	-0.644325490449093
76	"APT_Qs_2"	2	3	2	2	4	4	3	4	5	6	6	1	2	2	1	4	-0.717325268904312
76	"WIT_Qs_1"	3	3	2	3	3	4	3	4	3	5	6	2	3	3	3	5	-0.162157412943102
76	"WIT_Qs_2"	4	3	2	2	3	4	3	4	6	6	6	2	3	2	1	5	-0.39696659962723
77	"APT_Qs_1"	3	2	2	1	3	4	5	2	3	5	5	1	3	2	1	5	-0.722726507533399
77	"APT_Qs_2"	1	3	2	2	4	5	5	2	4	5	5	1	2	1	2	4	-0.799576355405409
77	"WIT_Qs_1"	4	2	2	1	3	5	5	2	5	6	5	1	2	3	2	5	-0.558635555863128
77	"WIT_Qs_2"	2	2	1	1	4	4	5	2	5	6	6	1	2	1	1	4	-1.04428958702805
78	"APT_Qs_1"	2	2	2	2	4	3	6	2	6	6	6	2	3	2	1	4	-0.645366470014828
78	"APT_Qs_2"	2	3	2	2	4	4	5	4	6	6	6	2	2	2	1	4	-0.638563506571004
78	"WIT_Qs_1"	2	2	1	2	5	4	5	3	6	6	6	2	3	3	2	3	-0.57246831115157
78	"WIT_Qs_2"	2	2	2	2	5	4	4	3	5	6	6	2	3	2	2	3	-0.566446917251267
79	"APT_Qs_1"	1	1	1	1	6	1	6	1	6	6	6	5	1	1	1	2	-0.970842815147449
79	"APT_Qs_2"	1	1	4	1	6	1	6	1	6	6	6	5	1	1	1	2	-0.717663215531308
79	"WIT_Qs_1"	1	1	1	1	6	5	6	1	6	6	6	7	1	1	1	2	-0.813319290480833
79	"WIT_Qs_2"	1	1	1	1	6	1	6	1	6	6	6	7	1	1	1	2	-0.813319290480833
80	"APT_Qs_1"	1	1	3	1	4	5	4	3	6	6	6	1	2	1	1	4	-1.04110422437864
80	"APT_Qs_2"	1	1	1	1	5	6	3	3	6	6	6	3	2	1	1	3	-1.05236709945612
80	"WIT_Qs_1"	4	2	3	4	4	6	3	3	6	6	6	4	1	1	1	4	-0.305428148621622
80	"WIT_Qs_2"	4	3	2	2	4	4	3	1	6	6	6	1	2	1	1	4	-0.630099408290229
81	"APT_Qs_1"	3	3	2	3	4	5	2	4	3	6	6	2	4	5	3	4	0.0705854393583331
81	"APT_Qs_2"	3	2	1	2	5	6	2	5	3	6	5	2	3	3	3	3	-0.410749925095096
81	"WIT_Qs_1"	3	2	2	2	5	5	2	4	2	6	5	2	3	2	1	3	-0.562567636721914
81	"WIT_Qs_2"	1	1	2	1	5	6	2	5	3	6	6	3	3	3	2	3	-0.656311494519076
82	"APT_Qs_1"	4	4	3	2	3	4	1	3	3	2	5	4	1	1	1	5	-0.302617957974434
82	"APT_Qs_2"	2	4	2	3	3	4	3	4	3	5	6	5	1	1	1	5	-0.392449953620823
82	"WIT_Qs_1"	2	3	4	3	2	3	4	3	3	4	5	5	3	2	5	6	0.23958274006338
82	"WIT_Qs_2"	2	4	4	3	3	5	4	1	1	5	6	6	1	1	1	5	-0.144901791543421
83	"APT_Qs_1"	5	5	4	4	3	1	3	3	6	6	6	3	4	4	4	5	0.731280530895097
83	"APT_Qs_2"	5	4	3	4	3	1	3	3	6	6	6	4	4	4	4	5	0.642846889554587
83	"WIT_Qs_1"	1	4	1	1	3	4	5	5	5	6	6	1	1	1	3	5	-0.879644147548248
83	"WIT_Qs_2"	4	4	1	3	4	2	3	3	6	6	6	1	2	2	2	4	-0.393001937147024
84	"APT_Qs_1"	4	5	4	3	3	2	3	5	4	6	6	3	4	2	4	5	0.410340977180518
84	"APT_Qs_2"	4	4	1	4	3	1	3	3	6	6	6	4	3	2	3	5	0.0795992514525846
84	"WIT_Qs_1"	4	4	3	3	4	1	4	4	4	5	6	3	3	1	2	4	-0.0690645783501112
84	"WIT_Qs_2"	4	5	3	3	4	1	4	4	5	6	6	4	3	3	1	4	0.170323446964895
85	"APT_Qs_1"	1	4	4	4	4	6	3	2	6	6	6	1	4	4	2	4	0.00192036372793463
85	"APT_Qs_2"	1	4	4	4	3	5	2	1	4	6	6	2	5	4	2	5	0.156681366419189
85	"WIT_Qs_1"	1	3	4	4	6	5	5	1	6	6	6	3	3	4	1	2	-0.0782771085287271
85	"WIT_Qs_2"	1	1	1	4	2	4	3	1	6	6	6	2	3	4	1	6	-0.575822878081717
86	"APT_Qs_1"	3	1	2	1	7	1	5	5	4	6	5	1	2	1	1	1	-0.959899757664861
86	"APT_Qs_2"	3	1	1	1	3	2	5	5	4	6	5	1	3	1	1	5	-0.968293717178961
86	"WIT_Qs_1"	2	1	1	1	4	2	4	5	5	6	6	1	2	1	1	4	-1.12709179082982
86	"WIT_Qs_2"	2	1	1	2	4	1	5	4	5	6	5	1	2	1	1	4	-1.04569468235164
87	"WIT_Qs_1"	4	3	2	1	4	2	4	5	5	5	6	1	1	1	1	4	-0.787495757126352
87	"WIT_Qs_2"	2	2	2	2	4	4	5	5	5	6	5	NA	NA	NA	NA	4	NA
88	"APT_Qs_1"	1	1	1	2	5	2	6	1	6	6	6	2	2	2	2	3	-0.892440394575945
88	"APT_Qs_2"	2	2	2	2	6	2	6	3	6	6	6	2	2	2	2	2	-0.642446157609214
88	"WIT_Qs_1"	2	2	1	3	3	5	6	6	6	6	6	3	1	2	2	5	-0.642679727027723
88	"WIT_Qs_2"	1	2	3	3	5	3	6	5	6	6	6	3	2	2	2	3	-0.480692920218596
89	"APT_Qs_1"	5	3	4	2	4	5	4	1	6	6	6	4	6	6	3	4	0.711466208564331
89	"APT_Qs_2"	6	5	6	3	4	6	4	1	6	6	6	4	7	5	4	4	1.28659994483282
89	"WIT_Qs_1"	6	5	6	5	3	6	4	2	6	6	6	5	6	7	7	5	1.8456589539987
89	"WIT_Qs_2"	6	5	6	5	3	6	3	1	6	6	6	6	7	7	7	5	2.00041995668996
90	"APT_Qs_1"	2	2	2	2	4	5	5	4	4	4	5	4	5	5	3	4	0.057110058810035
90	"APT_Qs_2"	2	2	2	2	4	4	5	4	5	5	5	2	3	2	2	4	-0.566446917251267
90	"WIT_Qs_1"	2	2	2	2	4	5	5	5	5	5	5	2	3	3	2	4	-0.488075111279523
90	"WIT_Qs_2"	2	2	2	2	3	6	4	4	5	5	5	2	3	4	2	5	-0.409703305307779
91	"APT_Qs_1"	6	6	5	6	1	3	2	2	4	5	6	5	5	6	6	7	1.69217446731335
91	"APT_Qs_2"	5	6	5	6	2	4	1	1	5	6	6	5	4	5	5	6	1.37608503492719
91	"WIT_Qs_1"	5	6	4	6	3	3	2	3	5	6	6	5	4	4	3	5	1.05548092355628
91	"WIT_Qs_2"	4	5	5	6	4	3	4	6	6	6	6	4	4	5	5	4	1.1317222354992
92	"APT_Qs_1"	4	3	1	3	3	5	2	2	5	2	6	2	5	5	5	5	0.302829418664267
92	"APT_Qs_2"	2	4	1	2	3	4	3	2	5	6	6	4	4	3	3	5	-0.0944215857599052
92	"WIT_Qs_1"	5	5	2	2	3	4	1	3	5	5	6	5	5	5	4	5	0.711594485190957
92	"WIT_Qs_2"	4	3	2	3	4	4	2	2	4	6	5	3	4	2	3	4	-0.00296938293067753
93	"APT_Qs_1"	4	3	4	3	4	6	3	3	6	6	6	2	2	2	2	4	-0.143862778999346
93	"APT_Qs_2"	3	3	2	3	5	6	4	4	6	6	6	2	2	2	2	3	-0.395448012036353
93	"WIT_Qs_1"	2	3	4	3	4	6	3	2	5	3	6	3	2	2	2	4	-0.230698683251865
93	"WIT_Qs_2"	4	2	2	3	5	6	4	4	6	4	6	2	2	2	2	3	-0.39545138254521
94	"APT_Qs_1"	2	2	2	2	5	6	1	1	3	2	3	1	1	1	1	3	-0.954498519035773
94	"APT_Qs_2"	2	2	2	2	5	6	1	1	5	3	3	1	1	1	1	3	-0.954498519035773
94	"WIT_Qs_1"	4	2	2	2	3	4	3	1	3	5	5	2	2	2	2	5	-0.476848491023387
94	"WIT_Qs_2"	2	2	2	2	5	6	2	1	4	3	3	1	1	1	1	3	-0.954498519035773
95	"APT_Qs_1"	2	3	3	3	5	6	4	4	1	4	3	1	1	1	1	3	-0.705906006883779
95	"APT_Qs_2"	3	4	3	1	4	6	4	4	1	5	5	1	1	3	2	4	-0.467436022038399
95	"WIT_Qs_1"	4	3	3	1	4	5	4	5	1	4	4	1	1	1	1	4	-0.703102557254305
95	"WIT_Qs_2"	3	4	2	1	4	6	4	4	1	4	5	1	1	2	2	4	-0.63020102788219
96	"APT_Qs_1"	2	2	1	3	4	1	4	4	5	5	5	2	2	2	2	4	-0.645442249003084
96	"APT_Qs_2"	2	2	2	2	4	2	4	4	5	5	5	3	2	1	1	4	-0.720975754011211
96	"WIT_Qs_1"	2	2	1	3	5	2	4	2	6	6	6	1	2	2	2	3	-0.724204011336392
96	"WIT_Qs_2"	3	2	2	3	4	2	3	4	5	5	6	3	3	3	3	4	-0.166197854411564
97	"APT_Qs_1"	4	6	1	5	1	6	5	1	2	6	6	3	1	2	2	7	0.0169209717215409
97	"APT_Qs_2"	1	1	1	1	4	6	6	6	5	6	6	1	1	1	1	4	-1.28588986448068
97	"WIT_Qs_1"	3	4	4	1	5	6	4	4	5	2	6	1	3	2	1	3	-0.388335700185764
97	"WIT_Qs_2"	5	3	3	3	2	6	4	3	3	6	6	1	3	2	2	6	-0.148219667553841
98	"APT_Qs_1"	4	4	4	5	3	3	4	2	2	6	6	3	3	4	5	5	0.649996914684203
98	"APT_Qs_2"	4	5	4	3	4	4	4	3	3	5	5	4	4	4	4	4	0.645846351457315
98	"WIT_Qs_1"	5	4	4	3	5	4	5	5	4	4	5	3	3	3	4	3	0.412710172285459
98	"WIT_Qs_2"	4	4	3	3	4	3	4	3	4	4	5	3	4	4	3	4	0.320969632686628
99	"APT_Qs_1"	4	5	3	3	3	4	5	3	6	6	6	3	6	6	3	5	0.712513929147781
99	"APT_Qs_2"	4	5	2	5	1	4	6	6	6	6	6	3	6	6	3	7	0.790914946232087
99	"WIT_Qs_1"	5	5	1	2	5	4	5	6	6	6	6	1	5	5	3	3	0.233234683222117
99	"WIT_Qs_2"	5	5	4	4	2	6	5	5	6	6	6	3	7	6	4	6	1.11602186391242
100	"APT_Qs_1"	4	4	2	3	2	5	1	1	5	6	6	2	3	4	4	6	0.160734982886887
100	"APT_Qs_2"	2	3	2	3	2	5	1	1	4	6	6	1	2	2	2	6	-0.557008607662575
100	"WIT_Qs_1"	2	3	2	3	2	4	2	1	5	6	6	1	2	2	2	6	-0.557008607662575
100	"WIT_Qs_2"	3	3	2	3	2	4	2	1	5	6	6	2	2	2	2	6	-0.395448012036353
101	"APT_Qs_1"	2	2	1	2	5	4	5	5	5	6	6	1	1	1	1	3	-1.03889171890782
101	"APT_Qs_2"	2	1	1	1	5	4	5	5	5	6	6	1	1	1	1	3	-1.20309103118777
101	"WIT_Qs_1"	4	3	2	2	5	4	5	3	5	6	6	1	1	1	1	3	-0.706098648648176
101	"WIT_Qs_2"	2	1	1	1	5	2	5	4	5	6	6	1	1	1	1	3	-1.20309103118777
102	"APT_Qs_1"	2	2	2	3	5	5	4	5	5	5	6	1	1	2	2	3	-0.715810051822292
102	"APT_Qs_2"	2	4	3	3	3	5	4	4	5	5	5	2	3	4	4	5	0.0795305161731071
102	"WIT_Qs_1"	3	4	4	4	3	4	3	3	5	5	5	3	3	4	4	5	0.406881420149552
102	"WIT_Qs_2"	3	4	4	5	3	4	3	3	4	5	5	3	4	4	4	5	0.564277768985676
103	"APT_Qs_1"	4	4	3	2	4	3	3	5	5	5	5	2	3	4	3	4	0.0848115215171968
103	"APT_Qs_2"	4	4	3	2	3	3	3	4	5	5	5	2	3	4	2	5	0.00589196875363628
103	"WIT_Qs_1"	3	3	2	2	4	3	2	4	5	5	5	2	3	4	2	4	-0.244102268213095
103	"WIT_Qs_2"	3	2	3	2	3	4	3	4	5	5	5	2	3	4	2	5	-0.242511272142819
104	"APT_Qs_1"	4	5	3	4	4	3	3	2	5	6	6	2	3	4	4	4	0.409327495038882
104	"APT_Qs_2"	3	4	3	4	3	2	3	3	5	6	6	2	4	4	4	5	0.319725698302144
104	"WIT_Qs_1"	5	5	3	4	3	2	3	3	4	5	6	3	4	4	5	5	0.725806883786611
104	"WIT_Qs_2"	4	4	3	4	3	2	3	3	5	6	6	3	4	4	4	5	0.481286293928366
105	"APT_Qs_1"	1	1	1	3	4	6	4	1	5	6	6	6	7	1	1	4	-0.273291393710107
105	"APT_Qs_2"	4	1	1	1	4	5	4	1	5	6	6	1	5	1	1	4	-0.733496403170154
105	"WIT_Qs_1"	4	1	1	1	4	4	4	1	6	6	6	1	5	1	1	4	-0.733496403170154
105	"WIT_Qs_2"	4	1	1	1	4	5	4	1	6	6	6	1	5	1	1	4	-0.733496403170154
106	"APT_Qs_1"	3	2	2	2	3	5	4	3	5	5	5	1	2	2	2	5	-0.638409086649609
106	"APT_Qs_2"	3	4	2	3	3	5	4	4	4	5	5	2	2	2	2	5	-0.312645808234582
106	"WIT_Qs_1"	2	2	2	2	4	3	3	4	4	5	5	3	2	1	1	4	-0.720975754011211
106	"WIT_Qs_2"	2	2	2	2	4	4	4	5	5	5	5	3	2	1	1	4	-0.720975754011211
107	"APT_Qs_1"	3	5	4	3	3	4	3	2	5	6	6	4	2	2	4	5	0.25430542550502
107	"APT_Qs_2"	5	4	5	4	2	6	2	1	6	6	6	4	2	3	3	6	0.502343449847483
107	"WIT_Qs_1"	4	3	3	3	2	4	3	2	6	6	6	3	2	2	2	6	-0.149494216538085
107	"WIT_Qs_2"	3	2	4	4	2	4	2	1	6	6	6	3	2	2	2	6	-0.149304945282545
108	"APT_Qs_1"	2	2	3	6	3	5	4	5	2	5	6	5	5	5	3	5	0.545853454928097
108	"APT_Qs_2"	5	5	4	5	2	5	3	2	4	6	6	4	6	6	6	6	1.35802059989308
108	"WIT_Qs_1"	2	3	2	5	4	4	3	3	5	6	6	1	2	2	3	4	-0.315294837942661
108	"WIT_Qs_2"	2	3	3	5	3	3	3	4	5	6	6	1	3	3	2	5	-0.155450144504484
109	"APT_Qs_1"	1	2	1	1	5	2	5	4	6	5	6	2	1	1	1	3	-1.1243258983456
109	"APT_Qs_2"	3	3	1	4	4	1	4	4	6	6	6	2	1	1	2	4	-0.552815149759914
109	"WIT_Qs_1"	2	4	1	4	4	1	3	4	5	6	6	1	1	1	2	4	-0.631573541584365
109	"WIT_Qs_2"	3	4	2	4	4	1	2	4	5	6	6	1	2	2	2	4	-0.310010462089714
110	"APT_Qs_1"	4	4	2	4	3	5	5	3	6	5	5	2	4	4	3	5	0.23921177895945
110	"APT_Qs_2"	3	4	2	3	4	5	3	4	5	5	5	3	4	4	2	4	0.0748580467581074
110	"WIT_Qs_1"	2	3	2	3	5	3	4	4	4	5	5	2	3	2	2	3	-0.40224760497132
110	"WIT_Qs_2"	3	4	3	3	2	3	3	2	3	5	5	2	3	2	2	6	-0.152253368004589
111	"APT_Qs_1"	3	4	3	4	4	5	4	3	6	6	6	2	3	3	2	4	0.00751554644533214
111	"APT_Qs_2"	3	4	4	3	4	4	3	4	3	6	6	2	3	3	3	4	0.0894311906027629
111	"WIT_Qs_1"	3	4	2	3	5	2	4	4	5	6	6	2	3	2	2	3	-0.236646567876636
111	"WIT_Qs_2"	3	4	3	3	6	2	4	5	5	6	6	2	2	2	3	2	-0.149333055598975
112	"APT_Qs_1"	2	2	2	2	5	3	6	6	6	6	6	1	3	2	1	3	-0.724128232348136
112	"APT_Qs_2"	2	3	2	2	6	3	6	6	5	6	6	1	3	2	1	2	-0.641326028546365
112	"WIT_Qs_1"	3	2	2	2	5	4	6	6	6	6	6	1	3	2	1	3	-0.641329399055223
112	"WIT_Qs_2"	2	2	2	2	5	4	6	6	6	6	6	1	3	2	1	3	-0.724128232348136
113	"APT_Qs_1"	1	3	1	3	3	2	3	4	6	6	6	1	1	2	1	5	-0.879119433949042
113	"APT_Qs_2"	1	1	1	4	2	1	3	3	3	6	6	1	1	1	1	6	-1.04169853904615
113	"WIT_Qs_1"	3	3	1	4	5	3	5	4	6	6	6	1	2	3	1	3	-0.477753612555348
113	"WIT_Qs_2"	1	1	1	1	5	3	2	5	5	6	6	1	2	1	1	3	-1.20989062412273
114	"APT_Qs_1"	3	5	1	1	1	6	5	5	5	6	6	1	1	1	1	7	-0.789083382687771
114	"APT_Qs_2"	1	3	1	1	1	5	1	5	5	6	6	1	1	1	1	7	-1.12028545687714
114	"WIT_Qs_1"	1	3	1	1	5	4	5	5	6	6	6	1	1	1	1	3	-1.12028545687714
114	"WIT_Qs_2"	1	1	1	1	6	3	5	4	6	6	6	1	1	1	1	2	-1.28588986448068
115	"APT_Qs_1"	4	4	4	4	4	1	3	4	6	6	6	3	2	3	2	4	0.177470101585654
115	"APT_Qs_2"	4	4	3	3	4	1	3	2	6	6	6	4	3	2	3	4	0.166988542718502
115	"WIT_Qs_1"	4	4	3	5	2	1	3	4	6	6	6	5	4	3	3	6	0.562915568337854
115	"WIT_Qs_2"	4	4	1	3	4	1	4	4	6	6	6	3	4	5	4	4	0.309474591677839
116	"APT_Qs_1"	5	4	1	1	2	3	5	5	6	6	6	2	5	4	4	6	0.148344880067294
116	"APT_Qs_2"	4	3	1	1	3	3	2	3	6	5	6	1	4	4	3	5	-0.250936712482206
116	"WIT_Qs_1"	3	2	1	1	4	2	3	3	6	6	6	1	4	5	2	4	-0.417085496368707
116	"WIT_Qs_2"	3	2	1	1	3	2	4	4	6	6	6	1	5	4	4	5	-0.261618956455383
117	"APT_Qs_1"	2	1	1	1	6	3	5	6	6	5	5	2	1	1	1	2	-1.12432926885446
117	"APT_Qs_2"	6	1	1	1	6	1	6	6	6	6	6	1	1	1	1	2	-0.871895698016114
117	"WIT_Qs_1"	1	1	1	1	6	1	6	6	5	6	6	1	1	1	1	2	-1.28588986448068
117	"WIT_Qs_2"	1	1	1	1	6	1	6	6	6	6	6	1	1	1	1	2	-1.28588986448068
118	"APT_Qs_1"	3	4	1	2	5	2	5	3	6	5	5	3	4	4	4	3	0.0669068439350049
118	"APT_Qs_2"	2	3	2	4	4	4	5	5	6	6	6	2	5	4	3	4	0.0668111489297989
118	"WIT_Qs_1"	2	2	1	4	4	2	4	4	6	6	6	2	5	4	4	4	-0.0214647019804582
118	"WIT_Qs_2"	2	4	2	4	3	1	2	3	6	6	6	2	4	3	4	5	0.0741618591654395
119	"APT_Qs_1"	3	5	5	2	3	4	4	1	5	6	6	3	2	2	2	5	0.0207006490384606
119	"APT_Qs_2"	5	6	5	3	2	6	2	2	3	6	6	5	3	2	2	6	0.584020392928798
119	"WIT_Qs_1"	4	2	3	3	4	3	3	2	5	6	5	4	3	2	2	4	-0.0775354176486005
119	"WIT_Qs_2"	5	4	4	3	1	5	4	6	5	6	4	2	3	2	1	7	0.0188179456897246
120	"APT_Qs_1"	4	4	4	4	3	3	3	3	6	6	6	2	2	2	2	5	0.0203365332806017
120	"APT_Qs_2"	4	4	4	5	3	2	3	3	6	6	6	2	2	2	2	5	0.101733641758778
120	"WIT_Qs_1"	4	4	4	4	4	2	3	3	6	6	6	2	2	2	2	4	0.0203365332806017
120	"WIT_Qs_2"	4	4	4	4	3	3	3	3	6	6	6	2	2	2	2	5	0.0203365332806017
121	"APT_Qs_1"	3	5	2	5	2	5	3	1	4	6	6	3	1	3	3	6	0.0930044932342081
121	"APT_Qs_2"	2	5	4	5	2	5	3	1	5	6	6	3	1	2	2	6	0.0217007009500838
121	"WIT_Qs_1"	4	3	2	5	5	5	5	4	5	5	6	4	1	2	1	3	-0.147250230241977
121	"WIT_Qs_2"	5	5	2	4	4	5	3	1	5	6	6	5	1	2	1	4	0.0985176645096095
122	"APT_Qs_1"	4	4	3	2	5	5	4	5	6	6	6	3	1	1	1	3	-0.381379720307742
122	"APT_Qs_2"	4	2	2	2	5	4	5	6	6	6	6	2	1	1	1	3	-0.710139090116638
122	"WIT_Qs_1"	5	4	4	3	5	4	3	5	6	6	6	3	2	2	2	3	0.100500020428647
122	"WIT_Qs_2"	5	4	4	3	5	4	5	5	6	6	6	2	2	1	1	3	-0.135553100639966
123	"APT_Qs_1"	4	3	5	3	4	5	5	3	5	6	6	2	5	3	2	4	0.246899947918285
123	"APT_Qs_2"	4	2	4	2	5	4	4	3	5	6	6	2	5	3	2	3	-0.00169256423370921
123	"WIT_Qs_1"	5	4	5	2	3	6	4	4	5	6	6	3	5	3	3	5	0.488785191631661
123	"WIT_Qs_2"	4	3	5	2	2	6	4	3	5	6	6	2	4	3	2	6	0.0895035990821618
124	"APT_Qs_1"	4	5	4	5	3	3	2	2	6	6	6	4	5	5	5	5	1.04193116750692
124	"APT_Qs_2"	5	6	4	6	1	1	1	2	6	6	6	4	6	6	6	7	1.52221991217303
124	"WIT_Qs_1"	5	6	3	5	2	5	4	4	4	6	6	3	5	5	4	6	0.965457689632688
124	"WIT_Qs_2"	5	6	4	6	2	2	2	3	6	6	6	4	6	6	5	6	1.44330035940947
125	"APT_Qs_1"	5	5	5	3	2	6	2	2	4	6	6	2	3	4	2	6	0.421676514070591
125	"APT_Qs_2"	5	5	5	4	2	6	2	2	3	6	6	2	4	4	2	6	0.579072862906714
125	"WIT_Qs_1"	5	5	5	2	3	6	3	3	2	5	6	1	5	5	3	5	0.570807482710304
125	"WIT_Qs_2"	5	6	5	2	3	6	2	3	4	6	6	4	4	5	1	5	0.656056627626932
126	"APT_Qs_1"	6	6	6	6	2	6	3	4	6	6	6	5	6	6	6	6	1.85256690754335
126	"APT_Qs_2"	3	5	5	5	3	6	2	3	6	6	6	6	6	6	6	5	1.43433965784592
126	"WIT_Qs_1"	3	5	1	1	3	5	6	2	6	6	6	3	5	4	3	5	0.065391626852985
126	"WIT_Qs_2"	5	5	2	5	2	5	2	3	6	6	6	3	4	3	3	6	0.486599880893875
127	"APT_Qs_1"	1	1	1	1	6	1	5	5	5	6	6	1	1	1	1	2	-1.28588986448068
127	"APT_Qs_2"	1	1	1	1	5	1	5	5	5	6	6	1	1	1	1	3	-1.28588986448068
127	"WIT_Qs_1"	1	1	1	1	4	2	5	5	6	6	6	1	1	1	1	4	-1.28588986448068
127	"WIT_Qs_2"	1	1	1	1	4	2	1	5	4	5	6	1	1	1	1	4	-1.28588986448068
128	"APT_Qs_1"	5	4	5	4	3	5	3	3	4	5	5	3	5	4	3	5	0.729951214559759
128	"APT_Qs_2"	4	4	5	4	3	5	3	3	4	5	5	1	4	4	2	5	0.334710063478722
128	"WIT_Qs_1"	3	2	4	4	4	2	4	2	5	5	6	1	3	2	2	4	-0.230829229591215
128	"WIT_Qs_2"	2	3	5	4	4	2	5	4	4	5	5	1	3	3	1	4	-0.146980406002127
129	"APT_Qs_1"	1	4	1	3	3	4	3	4	5	6	6	1	3	3	3	5	-0.408107837932513
129	"APT_Qs_2"	1	3	2	4	3	3	3	2	6	6	6	2	4	4	4	5	-0.0130673719575006
129	"WIT_Qs_1"	3	5	4	5	3	5	3	2	6	6	6	5	5	5	4	5	0.958974543783754
129	"WIT_Qs_2"	2	4	5	5	2	5	4	2	6	6	6	6	6	6	5	6	1.18981906798768
130	"APT_Qs_1"	4	4	3	4	2	2	2	2	4	3	5	3	3	2	1	6	0.0117847833362491
130	"APT_Qs_2"	3	4	4	4	2	4	3	2	4	3	6	3	2	2	2	6	0.0162994623209964
130	"WIT_Qs_1"	4	3	3	4	3	1	3	3	5	2	6	3	2	2	2	5	-0.0680971080599078
130	"WIT_Qs_2"	4	3	4	3	3	4	2	3	3	2	5	3	3	2	1	5	-0.0680213290716515
131	"APT_Qs_1"	5	6	6	5	1	2	2	2	6	6	6	7	7	7	7	7	2.07918508953212
131	"APT_Qs_2"	6	5	5	5	1	5	1	2	6	6	6	7	7	7	7	7	1.99478851915122
131	"WIT_Qs_1"	5	6	5	6	3	4	2	3	6	6	6	4	5	7	6	5	1.60898567765888
131	"WIT_Qs_2"	5	5	6	4	4	4	2	2	6	6	6	7	6	6	5	4	1.60277562539537
132	"APT_Qs_1"	3	6	6	5	2	3	4	4	5	6	6	1	5	5	5	6	0.974435650759946
132	"APT_Qs_2"	3	5	4	4	4	5	3	3	6	6	6	1	5	5	5	4	0.641449938735905
132	"WIT_Qs_1"	1	4	1	1	3	2	3	6	6	6	6	1	3	4	1	5	-0.650369354444243
132	"WIT_Qs_2"	1	2	1	1	4	3	5	5	6	6	6	1	4	4	3	4	-0.582135416162717
133	"APT_Qs_1"	4	4	3	6	3	4	2	2	3	6	5	4	4	3	2	5	0.486631361719162
133	"APT_Qs_2"	5	5	4	5	3	3	2	1	4	6	5	4	3	3	4	5	0.737068355376891
133	"WIT_Qs_1"	2	3	2	5	4	4	5	4	5	5	5	2	3	2	1	4	-0.318372940778527
133	"WIT_Qs_2"	4	4	3	5	4	2	2	2	3	6	5	3	4	3	3	4	0.405392043671238
134	"APT_Qs_1"	5	5	5	4	4	6	4	1	4	6	6	6	6	6	6	4	1.51854021595357
134	"APT_Qs_2"	4	6	6	5	5	6	3	1	5	6	6	5	5	5	4	3	1.29336198062253
134	"WIT_Qs_1"	4	5	5	3	4	5	3	1	3	5	5	6	6	3	2	4	0.803550645213006
134	"WIT_Qs_2"	4	5	5	4	3	5	5	4	4	6	6	4	4	4	4	5	0.811636659807538
135	"APT_Qs_1"	3	4	3	5	2	5	3	5	3	5	4	3	5	5	5	6	0.71317516820688
135	"APT_Qs_2"	4	4	3	4	3	4	4	3	3	5	4	3	4	4	4	5	0.481286293928366
135	"WIT_Qs_1"	3	3	3	4	4	4	3	3	4	4	4	3	4	4	4	4	0.315685256833681
135	"WIT_Qs_2"	3	4	3	4	3	4	3	4	4	5	4	3	4	4	4	5	0.398487460635452
136	"APT_Qs_1"	4	4	2	3	5	1	4	5	5	6	6	2	4	4	2	3	0.0788951177177128
136	"APT_Qs_2"	4	3	2	2	5	2	4	5	5	6	6	2	3	3	2	3	-0.239675240891926
136	"WIT_Qs_1"	4	3	2	3	5	2	4	4	6	6	6	2	2	2	2	3	-0.31264917874344
136	"WIT_Qs_2"	4	3	1	2	4	2	5	4	6	6	6	2	2	2	2	4	-0.478439487093663
137	"APT_Qs_1"	6	6	4	5	3	6	1	3	2	1	5	5	5	6	5	5	1.44746460619957
137	"APT_Qs_2"	5	5	6	4	5	6	4	2	5	5	6	5	6	4	5	3	1.28850848878526
137	"WIT_Qs_1"	6	6	6	4	2	6	2	2	5	3	5	7	6	4	2	6	1.37487439225588
137	"WIT_Qs_2"	4	5	5	4	5	6	5	5	6	4	6	7	5	4	5	3	1.20284073992897
138	"APT_Qs_1"	5	5	5	3	5	5	5	4	4	5	5	1	3	3	1	3	0.185623393001978
138	"APT_Qs_2"	4	4	4	3	4	5	4	4	5	5	5	1	3	3	1	4	-0.0643708439647529
138	"WIT_Qs_1"	2	5	3	3	4	5	4	4	3	5	5	1	3	3	1	4	-0.231559506620856
138	"WIT_Qs_2"	4	4	4	3	4	5	4	4	3	5	5	1	3	3	1	4	-0.0643708439647529
139	"APT_Qs_1"	3	4	1	6	3	4	5	2	6	6	6	2	6	5	3	5	0.46518424943848
139	"APT_Qs_2"	3	5	2	5	3	4	6	4	4	6	6	1	3	3	2	5	0.00855989651992464
139	"WIT_Qs_1"	2	5	2	6	3	5	3	2	3	6	6	1	3	3	2	5	0.00715817170518784
139	"WIT_Qs_2"	3	5	1	2	3	5	6	4	4	6	6	1	4	4	5	5	0.07110507583372
140	"APT_Qs_1"	1	5	2	3	5	6	6	5	5	6	6	5	5	4	3	3	0.304504901762175
140	"APT_Qs_2"	2	5	2	3	3	5	6	4	5	6	6	5	3	3	2	5	0.0780138956038902
140	"WIT_Qs_1"	4	5	3	4	3	5	6	4	6	6	6	4	5	5	3	5	0.718301753629575
140	"WIT_Qs_2"	3	5	3	3	3	5	6	3	6	6	6	4	5	5	3	5	0.554105811858485
141	"APT_Qs_1"	2	3	1	1	5	2	4	5	6	6	6	2	2	1	1	3	-0.882725620892971
141	"APT_Qs_2"	1	1	1	4	5	1	6	6	6	6	6	1	1	1	1	3	-1.04169853904615
141	"WIT_Qs_1"	4	2	2	1	2	4	5	5	6	6	6	3	3	2	2	6	-0.403484596810309
141	"WIT_Qs_2"	1	1	1	1	5	3	5	6	6	6	6	1	2	2	1	3	-1.13151881815099
142	"APT_Qs_1"	2	3	3	1	3	6	5	3	5	5	6	4	5	4	3	5	0.0645365480339319
142	"APT_Qs_2"	3	1	2	2	3	5	3	3	4	5	6	3	4	3	2	5	-0.333317479097126
142	"WIT_Qs_1"	2	3	1	2	2	6	5	4	3	4	6	3	4	2	3	6	-0.334357357866728
142	"WIT_Qs_2"	2	3	4	3	4	6	5	3	4	5	6	4	3	2	2	4	-0.0759376805606099
143	"APT_Qs_1"	3	3	2	4	3	4	2	2	3	5	5	2	3	3	3	5	-0.080760304464925
143	"APT_Qs_2"	3	3	2	2	2	4	2	2	4	5	5	2	3	3	2	6	-0.322474074184839
143	"WIT_Qs_1"	2	3	2	5	2	4	2	2	3	5	5	2	3	2	2	6	-0.239453388014966
143	"WIT_Qs_2"	3	3	3	4	2	5	2	2	3	5	5	2	3	3	2	6	-0.0752866573564387
144	"APT_Qs_1"	3	3	3	3	3	3	3	2	3	6	6	6	1	1	1	5	-0.229298361924325
144	"APT_Qs_2"	3	4	2	2	3	3	4	3	6	6	6	7	1	1	1	5	-0.23352470413947
144	"WIT_Qs_1"	6	4	5	2	3	4	4	1	4	6	6	3	4	4	4	5	0.652876143301933
144	"WIT_Qs_2"	5	4	3	4	2	3	3	2	4	6	6	5	2	2	2	6	0.255027453701393
145	"APT_Qs_1"	6	5	4	4	2	5	2	4	6	6	6	5	5	5	4	6	1.12597393518432
145	"APT_Qs_2"	5	5	4	2	2	4	2	2	5	6	6	5	4	4	4	6	0.72600983860536
145	"WIT_Qs_1"	4	6	5	2	2	6	2	2	5	6	6	5	4	4	4	6	0.810406408986264
145	"WIT_Qs_2"	4	5	3	2	1	6	2	2	5	6	6	4	3	3	4	7	0.3256849967774
146	"APT_Qs_1"	1	2	2	2	3	5	3	3	4	6	5	1	2	2	1	5	-0.882926305998996
146	"APT_Qs_2"	1	2	2	3	3	5	3	3	4	6	3	1	2	2	2	5	-0.722609644757259
146	"WIT_Qs_1"	4	2	2	2	3	4	3	3	4	6	4	1	2	2	4	5	-0.397771147829574
146	"WIT_Qs_2"	1	2	3	3	3	5	2	3	2	6	4	1	2	2	1	5	-0.717135997648773
147	"APT_Qs_1"	4	4	2	4	3	4	2	2	6	6	6	1	1	1	1	5	-0.460502227890051
147	"APT_Qs_2"	3	4	2	4	3	3	2	2	6	6	6	1	1	1	1	5	-0.543301061182965
147	"WIT_Qs_1"	4	4	2	5	3	3	2	3	6	5	6	1	1	1	1	5	-0.379105119411875
147	"WIT_Qs_2"	2	4	2	4	3	3	2	3	6	6	6	1	1	1	1	5	-0.626099894475878
148	"APT_Qs_1"	1	1	1	1	4	1	2	3	6	6	6	1	1	1	1	4	-1.28588986448068
148	"APT_Qs_2"	1	1	1	1	3	1	3	4	6	6	6	1	1	1	1	5	-1.28588986448068
148	"WIT_Qs_1"	1	1	1	1	4	1	4	4	6	6	6	1	1	1	1	4	-1.28588986448068
148	"WIT_Qs_2"	1	1	1	1	4	1	4	4	6	6	6	1	1	1	1	4	-1.28588986448068
149	"APT_Qs_1"	4	5	3	5	2	5	2	2	5	6	6	6	6	6	5	6	1.26943253863118
149	"APT_Qs_2"	4	5	3	4	3	4	3	2	5	6	6	4	5	6	4	5	0.875593112364879
149	"WIT_Qs_1"	4	4	2	3	4	4	3	3	5	6	6	3	4	5	4	4	0.393867791549886
149	"WIT_Qs_2"	3	4	3	5	2	5	2	2	5	6	6	5	6	6	5	6	1.02506973920319
150	"APT_Qs_1"	5	5	4	5	2	5	3	2	5	4	5	5	5	6	6	6	1.36078312186845
150	"APT_Qs_2"	5	6	4	5	2	4	2	2	4	6	5	4	5	5	6	6	1.28645175736516
150	"WIT_Qs_1"	5	5	4	5	3	5	2	3	6	6	5	3	6	6	6	5	1.27925883755978
150	"WIT_Qs_2"	5	5	4	5	2	5	2	2	5	6	5	4	6	6	6	6	1.35802059989308
151	"APT_Qs_1"	5	4	3	5	4	5	5	4	6	6	6	3	3	4	5	4	0.64840254810507
151	"APT_Qs_2"	6	6	6	6	3	4	4	4	6	6	6	5	5	3	5	5	1.46253269650661
151	"WIT_Qs_1"	5	5	5	5	6	4	6	5	6	6	6	5	5	5	5	2	1.28788496300519
151	"WIT_Qs_2"	5	4	5	5	3	4	4	4	5	6	6	5	4	5	5	5	1.12908351884547
152	"APT_Qs_1"	4	4	4	4	3	6	3	2	5	5	5	5	4	5	4	5	0.801574824438773
152	"APT_Qs_2"	4	5	5	4	2	5	2	2	5	5	5	4	5	5	5	6	1.04492725890079
152	"WIT_Qs_1"	4	5	5	5	2	5	2	2	4	4	5	4	4	4	4	6	0.893033768285715
152	"WIT_Qs_2"	4	5	5	5	2	6	2	2	4	5	5	5	4	3	3	6	0.814504171883718
153	"APT_Qs_1"	5	4	2	1	3	5	3	3	5	6	6	1	4	4	2	5	-0.0798620282790353
153	"APT_Qs_2"	4	4	2	1	3	5	4	3	6	6	6	2	3	2	1	5	-0.395561504303636
153	"WIT_Qs_1"	2	2	4	1	5	4	4	3	6	6	6	1	2	1	2	3	-0.712190434648349
153	"WIT_Qs_2"	1	3	1	2	5	3	5	4	6	6	6	1	1	2	1	3	-0.960516542427219
154	"APT_Qs_1"	3	4	4	5	2	4	3	2	2	3	4	3	4	4	4	6	0.564277768985676
154	"APT_Qs_2"	4	4	2	3	2	3	2	2	2	5	5	2	4	3	3	6	0.0794428645095292
154	"WIT_Qs_1"	2	3	3	4	3	4	3	2	2	4	5	5	4	3	3	5	0.233118589472079
154	"WIT_Qs_2"	3	4	2	3	3	4	3	2	2	4	5	6	4	3	3	5	0.311691080549848
155	"APT_Qs_1"	6	6	1	6	1	2	6	1	6	6	6	1	4	4	4	7	0.648972660663378
155	"APT_Qs_2"	5	5	4	6	3	5	6	2	6	6	6	2	4	4	4	5	0.815312985518142
155	"WIT_Qs_1"	6	5	2	5	1	3	6	3	5	6	6	1	4	5	5	7	0.726457906990782
155	"WIT_Qs_2"	5	6	3	6	2	2	6	2	6	6	6	2	4	4	2	6	0.655882883920745
156	"APT_Qs_1"	1	2	4	1	3	5	3	3	2	6	6	7	5	1	1	5	-0.173340525631135
156	"APT_Qs_2"	1	1	3	1	1	5	3	3	5	6	6	6	6	1	1	7	-0.343298451280314
156	"WIT_Qs_1"	1	1	1	2	3	2	4	2	4	1	6	3	2	1	1	5	-0.970969990977942
156	"WIT_Qs_2"	1	1	1	2	6	3	3	3	3	6	6	5	3	1	1	2	-0.737447225953379
157	"APT_Qs_1"	2	3	2	3	1	5	3	3	2	5	5	2	3	3	1	7	-0.402795351763136
157	"APT_Qs_2"	2	2	2	2	3	3	4	4	3	5	5	1	3	2	1	5	-0.724128232348136
157	"WIT_Qs_1"	2	2	1	3	4	4	4	5	4	4	4	2	3	2	1	4	-0.648362561408698
157	"WIT_Qs_2"	2	2	2	2	4	3	4	4	2	4	4	2	3	2	1	4	-0.645366470014828
158	"APT_Qs_1"	4	4	4	4	3	4	2	2	3	5	5	4	4	4	4	5	0.644441256133721
158	"APT_Qs_2"	5	5	4	3	3	5	2	2	4	5	5	3	4	4	3	5	0.570963869653359
158	"WIT_Qs_1"	5	3	2	2	2	4	6	2	4	5	5	3	3	3	2	6	-0.0781146452657039
158	"WIT_Qs_2"	4	5	5	5	2	3	2	3	4	5	5	3	3	3	3	6	0.580981406859156
159	"APT_Qs_1"	4	2	4	1	4	5	5	3	6	4	5	1	4	3	3	4	-0.15893112263958
159	"APT_Qs_2"	3	1	3	3	4	5	5	2	5	6	5	1	3	3	1	4	-0.479969488535026
159	"WIT_Qs_1"	4	4	4	2	2	5	4	1	2	5	5	1	3	1	2	6	-0.223592011622857
159	"WIT_Qs_2"	4	3	4	2	3	5	3	3	4	5	5	2	3	2	2	5	-0.149260647119576
160	"APT_Qs_1"	4	5	5	5	4	3	4	4	5	5	5	4	6	6	6	4	1.35961496647222
160	"APT_Qs_2"	3	4	5	4	5	4	3	4	5	5	5	4	5	5	5	3	0.879326221806105
160	"WIT_Qs_1"	5	3	5	5	3	4	3	4	3	5	5	3	5	4	5	5	0.886385224763286
160	"WIT_Qs_2"	4	5	5	5	4	3	4	4	4	5	5	5	6	6	6	4	1.43837672880553
161	"APT_Qs_1"	3	5	2	3	2	4	3	2	6	6	6	2	4	4	4	6	0.236737593753691
161	"APT_Qs_2"	3	4	2	3	2	3	2	2	6	6	6	3	3	3	3	6	-0.000593446808022792
161	"WIT_Qs_1"	4	5	1	3	4	2	6	5	6	6	6	1	2	2	1	4	-0.389119286108814
161	"WIT_Qs_2"	3	4	1	2	2	3	3	3	6	6	6	2	3	3	2	6	-0.324065070255115
162	"APT_Qs_1"	3	4	4	2	4	6	3	4	6	6	6	3	4	3	4	4	0.241714637579401
162	"APT_Qs_2"	3	3	3	4	4	6	4	4	6	6	6	3	4	3	4	4	0.237313450861937
162	"WIT_Qs_1"	1	4	4	2	4	6	6	1	6	5	4	4	3	4	3	4	0.0783317461771195
162	"WIT_Qs_2"	2	3	5	3	2	6	3	4	5	6	6	3	4	3	4	6	0.241903908834941
163	"APT_Qs_1"	4	3	2	4	4	5	4	3	6	6	6	3	5	4	4	4	0.390090130612495
163	"APT_Qs_2"	5	4	3	5	3	4	3	2	6	6	6	3	4	4	3	5	0.566562682935895
163	"WIT_Qs_1"	4	4	2	5	4	3	4	2	6	6	6	3	4	4	3	4	0.399370649770935
163	"WIT_Qs_2"	5	4	3	4	4	3	3	2	6	6	6	2	5	4	5	4	0.640242158009478
164	"APT_Qs_1"	4	3	2	2	3	5	3	3	5	6	6	2	3	4	5	5	0.0754552233705003
164	"APT_Qs_2"	3	4	4	4	3	5	3	3	4	6	6	3	4	5	5	5	0.640172019242804
164	"WIT_Qs_1"	2	3	2	2	5	3	4	3	5	6	6	2	3	3	3	3	-0.326353354714192
164	"WIT_Qs_2"	3	3	2	2	4	5	4	5	5	6	6	2	3	3	3	4	-0.243554521421278
165	"APT_Qs_1"	1	5	2	3	4	6	3	4	6	6	6	1	1	1	1	4	-0.707493632445198
165	"APT_Qs_2"	3	5	6	4	2	6	2	3	6	6	6	1	3	1	2	6	0.107991975586447
165	"WIT_Qs_1"	1	4	2	2	4	5	4	5	4	6	6	1	1	1	1	4	-0.871692944725145
165	"WIT_Qs_2"	2	4	1	3	3	5	3	4	6	6	6	1	1	1	1	5	-0.791890202826102
166	"APT_Qs_1"	4	5	3	4	1	3	3	3	6	6	5	1	3	3	3	7	0.173274373970269
166	"APT_Qs_2"	4	5	4	5	1	4	2	3	6	6	6	1	5	4	4	7	0.64835452177169
166	"WIT_Qs_1"	5	5	5	5	1	2	2	3	5	6	5	2	5	5	4	7	0.972680123241703
166	"WIT_Qs_2"	4	5	5	5	1	5	2	3	5	6	5	2	5	4	4	7	0.811509483977045
167	"APT_Qs_1"	4	4	5	3	3	6	5	5	6	6	6	3	4	4	4	5	0.568675585194283
167	"APT_Qs_2"	4	5	4	3	3	6	5	5	6	6	6	4	5	5	5	5	0.879136950550566
167	"WIT_Qs_1"	3	3	1	2	5	5	6	5	6	6	6	1	3	3	3	3	-0.406709483626633
167	"WIT_Qs_2"	2	1	3	2	5	4	5	6	6	6	6	1	3	3	2	3	-0.565245877542555
168	"APT_Qs_1"	1	1	1	1	6	1	6	6	6	6	5	1	1	1	1	2	-1.28588986448068
168	"APT_Qs_2"	1	1	1	1	6	1	6	6	6	6	6	1	1	1	1	2	-1.28588986448068
168	"WIT_Qs_1"	1	1	1	1	6	1	6	6	5	6	5	5	1	1	1	2	-0.970842815147449
168	"WIT_Qs_2"	1	1	1	1	6	1	6	6	5	6	5	1	1	1	1	2	-1.28588986448068
169	"APT_Qs_1"	3	4	5	5	3	5	2	1	4	6	6	3	4	4	2	5	0.490831863330601
169	"APT_Qs_2"	3	4	5	4	2	6	2	1	3	5	6	4	4	4	4	6	0.646035622712854
169	"WIT_Qs_1"	3	3	4	4	3	6	2	1	5	4	6	4	4	4	4	5	0.478840219039036
169	"WIT_Qs_2"	3	3	5	4	3	6	2	1	3	6	6	4	4	4	4	5	0.563233418911083
170	"APT_Qs_1"	4	5	4	5	1	5	1	1	6	6	6	4	4	3	3	7	0.651349209678364
170	"APT_Qs_2"	4	6	3	5	1	5	1	1	5	6	5	4	4	3	2	7	0.570838660844527
170	"WIT_Qs_1"	5	6	4	5	2	6	1	1	6	6	6	5	4	3	3	6	0.895712009106356
170	"WIT_Qs_2"	5	5	3	5	1	6	1	1	6	6	6	4	4	3	3	7	0.64975484309923
171	"APT_Qs_1"	4	2	1	2	3	1	3	2	5	6	6	2	2	2	2	5	-0.561241690895434
171	"APT_Qs_2"	2	2	2	2	3	2	4	2	5	6	5	2	2	2	2	5	-0.642446157609214
171	"WIT_Qs_1"	3	2	2	3	3	2	4	3	3	6	6	2	2	1	2	5	-0.556622021809868
171	"WIT_Qs_2"	2	3	3	3	3	2	3	4	5	6	6	2	2	2	2	5	-0.39385364545722
172	"APT_Qs_1"	2	2	2	2	3	4	3	2	4	6	6	3	4	3	3	5	-0.254394555824708
172	"APT_Qs_2"	3	3	3	3	3	5	3	2	4	6	6	4	4	3	2	5	0.0768389991899475
172	"WIT_Qs_1"	3	3	1	1	4	4	3	1	5	6	6	2	3	1	1	4	-0.723927547242111
172	"WIT_Qs_2"	2	2	3	2	4	4	3	2	4	6	6	3	4	2	2	4	-0.327292714687966
173	"APT_Qs_1"	6	5	6	6	5	6	4	4	6	6	4	5	5	5	5	3	1.53647410464833
173	"APT_Qs_2"	3	4	4	4	4	4	2	2	2	5	1	4	4	4	4	4	0.561642422840807
173	"WIT_Qs_1"	6	1	4	4	5	2	4	4	5	5	2	4	5	5	5	3	0.794922910407487
173	"WIT_Qs_2"	1	4	5	5	2	4	2	2	2	5	5	5	5	5	5	6	0.873887426031763
174	"APT_Qs_1"	5	2	2	1	2	3	2	2	6	6	6	1	3	3	2	6	-0.399837482212268
174	"APT_Qs_2"	3	4	2	2	2	2	3	2	2	6	6	1	2	2	2	6	-0.472804679046067
174	"WIT_Qs_1"	2	2	2	2	4	2	2	2	5	6	6	1	3	2	2	4	-0.645208679584576
174	"WIT_Qs_2"	3	2	2	2	4	2	2	2	3	6	6	1	3	3	2	4	-0.484038040319918
175	"APT_Qs_1"	5	2	3	3	4	5	3	1	6	5	5	2	2	3	3	4	-0.0709679906449452
175	"APT_Qs_2"	2	2	3	2	4	4	4	1	6	5	5	2	2	3	3	4	-0.400761599001862
175	"WIT_Qs_1"	3	3	4	3	3	5	3	1	5	5	5	3	2	4	3	5	0.0877633147480976
175	"WIT_Qs_2"	2	4	3	3	2	5	3	2	6	5	5	3	1	3	2	6	-0.229917113708343
176	"APT_Qs_1"	3	4	3	3	5	2	4	4	5	4	5	3	2	2	2	3	-0.149490846029227
176	"APT_Qs_2"	2	4	2	2	5	3	5	5	5	5	6	2	2	2	2	3	-0.476841750005672
176	"WIT_Qs_1"	2	3	2	1	6	2	5	5	5	5	6	2	2	2	2	2	-0.64104106228562
176	"WIT_Qs_2"	2	2	1	1	5	3	5	5	6	6	6	2	2	2	2	3	-0.808236465959438
177	"APT_Qs_1"	3	4	5	3	3	5	3	2	4	6	6	2	4	2	2	5	0.0925322720974517
177	"APT_Qs_2"	3	3	4	4	3	5	4	2	6	6	6	2	4	2	2	5	0.00673397690181077
177	"WIT_Qs_1"	4	3	2	4	3	3	4	3	6	6	6	2	3	3	2	5	-0.0768810239355721
177	"WIT_Qs_2"	4	4	2	4	3	4	3	4	4	6	6	2	4	2	2	5	0.00354861425240128
178	"APT_Qs_1"	4	3	3	3	4	5	4	5	3	3	5	2	3	3	3	4	0.00503462022185867
178	"APT_Qs_2"	3	4	3	3	4	5	4	4	3	4	5	2	2	2	1	4	-0.307172161126096
178	"WIT_Qs_1"	5	5	4	4	3	5	3	4	3	6	5	4	5	5	4	5	0.964413339558096
178	"WIT_Qs_2"	4	4	3	2	4	5	4	4	3	4	5	3	4	4	3	4	0.239572524208452
179	"APT_Qs_1"	1	1	1	1	1	5	5	2	5	5	5	1	1	1	1	7	-1.28588986448068
179	"APT_Qs_2"	1	1	1	3	3	5	5	3	5	5	5	1	1	1	1	5	-1.12309564752433
179	"WIT_Qs_1"	4	3	2	1	2	4	5	2	6	3	5	1	2	1	1	6	-0.711496516768406
179	"WIT_Qs_2"	3	5	1	5	3	5	5	2	5	6	6	1	1	1	1	5	-0.463494948775064
180	"APT_Qs_1"	3	4	1	4	1	6	6	1	2	6	6	4	7	3	1	7	0.221330080036081
180	"APT_Qs_2"	3	3	1	4	1	7	7	1	5	5	6	4	7	4	1	7	0.216899682206054
180	"WIT_Qs_1"	4	1	1	4	2	6	6	3	5	2	6	5	7	6	1	6	0.369599482172222
180	"WIT_Qs_2"	3	4	1	4	3	6	6	1	2	4	6	4	7	3	1	5	0.221330080036081
181	"APT_Qs_1"	1	2	1	1	5	4	3	1	5	5	6	3	1	1	1	3	-1.04556413601229
181	"APT_Qs_2"	4	4	4	1	3	4	4	3	6	5	6	3	3	1	1	5	-0.226385148197978
181	"WIT_Qs_1"	1	1	1	1	5	4	4	3	6	6	6	2	2	1	2	3	-1.05220930902587
181	"WIT_Qs_2"	1	2	1	1	6	4	5	3	6	6	6	2	3	2	2	2	-0.815036058894404
182	"APT_Qs_1"	6	6	6	6	1	2	1	1	6	6	6	7	7	6	6	7	2.08608967256791
182	"APT_Qs_2"	6	6	6	6	1	2	6	1	5	6	6	6	7	6	6	7	2.0073279102346
182	"WIT_Qs_1"	6	6	5	6	1	5	1	1	4	6	6	5	7	5	6	7	1.7658011420575
182	"WIT_Qs_2"	6	6	6	6	1	6	1	1	5	6	6	7	7	6	7	7	2.16500922533147
183	"APT_Qs_1"	4	4	4	4	2	4	1	1	6	6	6	5	5	5	5	6	0.95649361756028
183	"APT_Qs_2"	4	5	5	5	1	5	1	1	6	6	6	6	5	5	6	7	1.36276744480914
183	"WIT_Qs_1"	5	3	3	4	2	4	2	2	4	4	5	5	5	5	5	6	0.872097047179376
183	"WIT_Qs_2"	5	5	5	5	2	5	1	1	6	6	6	6	5	6	6	6	1.5239380840738
184	"APT_Qs_1"	2	1	1	3	5	4	5	5	6	6	6	1	3	3	1	3	-0.731554721572033
184	"APT_Qs_2"	5	4	2	3	4	3	5	6	6	6	6	1	5	3	2	4	0.0805596230635207
184	"WIT_Qs_1"	5	4	3	4	5	3	5	5	6	6	6	1	3	3	2	3	0.094351450697851
184	"WIT_Qs_2"	1	2	2	3	5	3	5	5	6	6	6	1	3	2	1	3	-0.725529957162873
185	"APT_Qs_1"	1	1	1	1	5	3	3	5	2	2	4	2	1	1	1	3	-1.20712810214737
185	"APT_Qs_2"	3	1	1	1	4	1	4	5	3	3	5	1	1	1	1	4	-1.12029219789485
185	"WIT_Qs_1"	1	1	1	1	5	2	6	5	5	5	6	1	1	1	1	3	-1.28588986448068
185	"WIT_Qs_2"	1	1	1	1	5	2	5	6	6	6	6	1	1	1	1	3	-1.28588986448068
186	"APT_Qs_1"	1	4	1	1	4	1	3	2	6	6	6	1	2	1	4	4	-0.724725354426741
186	"APT_Qs_2"	2	4	1	4	4	1	2	1	4	6	6	4	2	2	2	4	-0.24091720825475
186	"WIT_Qs_1"	4	3	1	2	4	1	3	4	6	6	6	1	4	3	3	4	-0.247911409975773
186	"WIT_Qs_2"	2	3	1	3	4	1	3	3	4	6	5	1	3	2	2	4	-0.565402567176675
187	"APT_Qs_1"	2	3	1	2	3	2	2	5	6	6	6	2	1	1	1	5	-0.877327752772741
187	"APT_Qs_2"	2	2	1	2	3	1	2	4	5	6	6	3	2	2	2	5	-0.648077595147953
187	"WIT_Qs_1"	3	3	2	2	3	3	3	3	5	6	6	3	1	2	1	5	-0.553002151302729
187	"WIT_Qs_2"	2	2	2	3	4	2	2	4	6	6	6	2	1	1	1	4	-0.794339648224289
188	"APT_Qs_1"	2	2	2	3	6	5	6	5	6	6	6	2	2	3	3	2	-0.403757690395733
188	"APT_Qs_2"	3	4	2	5	4	5	3	3	5	6	6	1	3	3	3	4	0.0046772454817144
188	"WIT_Qs_1"	5	5	3	5	2	5	2	2	5	6	6	3	4	5	4	6	0.806656245472971
188	"WIT_Qs_2"	4	3	4	3	4	5	3	3	6	6	6	3	4	5	4	4	0.479851987492209
189	"APT_Qs_1"	1	1	1	1	4	1	4	4	5	6	6	1	1	1	1	4	-1.28588986448068
189	"APT_Qs_2"	1	1	1	2	5	2	5	5	4	6	5	1	1	1	1	3	-1.2044927560025
189	"WIT_Qs_1"	2	1	1	1	5	1	5	4	6	6	6	1	1	1	1	3	-1.20309103118777
189	"WIT_Qs_2"	1	1	1	1	5	2	5	4	4	6	6	1	1	1	1	3	-1.28588986448068
190	"APT_Qs_1"	1	1	1	1	4	6	1	1	6	5	6	1	1	1	1	4	-1.28588986448068
190	"APT_Qs_2"	1	1	1	1	1	6	1	1	5	5	6	7	1	1	1	7	-0.813319290480833
190	"WIT_Qs_1"	1	2	1	1	3	4	2	1	6	5	6	3	4	4	4	5	-0.34569233873254
190	"WIT_Qs_2"	1	1	1	1	3	4	4	1	6	5	6	1	1	2	1	5	-1.20751805850894
191	"APT_Qs_1"	5	5	4	4	4	6	4	3	4	5	5	6	5	5	5	4	1.20085641698827
191	"APT_Qs_2"	5	5	5	4	2	6	3	2	5	5	5	5	5	5	5	6	1.20648785452701
191	"WIT_Qs_1"	5	5	4	3	3	6	3	3	2	5	5	5	5	4	5	5	0.962325740205043
191	"WIT_Qs_2"	5	4	5	4	3	6	3	2	3	5	5	6	5	5	5	5	1.20244741305855
192	"APT_Qs_1"	2	5	1	2	4	3	3	2	2	6	6	3	3	3	3	4	-0.166380384649389
192	"APT_Qs_2"	2	2	2	2	2	4	2	2	3	6	6	2	1	2	2	6	-0.718445397967161
192	"WIT_Qs_1"	2	5	2	3	1	2	2	2	3	6	6	2	3	2	2	7	-0.236643197367778
192	"WIT_Qs_2"	3	4	2	4	2	5	2	2	4	6	6	4	2	2	2	6	-0.0737251750897893
193	"APT_Qs_1"	1	6	6	1	1	6	1	1	5	6	6	1	1	1	1	7	-0.449912846111593
193	"APT_Qs_2"	1	1	1	1	6	6	1	6	6	6	6	1	1	1	1	2	-1.28588986448068
193	"WIT_Qs_1"	1	6	1	1	1	6	1	1	6	6	6	1	1	1	1	7	-0.871878845471827
193	"WIT_Qs_2"	1	1	1	1	6	6	6	1	6	6	6	1	1	1	1	2	-1.28588986448068
194	"APT_Qs_1"	4	5	2	5	3	3	2	1	6	6	6	2	5	5	4	5	0.636701690332649
194	"APT_Qs_2"	2	5	3	5	2	4	1	1	4	6	6	7	6	4	4	6	0.946933469671612
194	"WIT_Qs_1"	6	6	2	4	2	5	2	1	6	6	6	5	6	4	2	6	0.879778068101076
194	"WIT_Qs_2"	6	5	5	4	3	3	2	1	6	6	6	2	5	5	3	5	0.895162295292879
195	"APT_Qs_1"	5	3	3	5	3	5	2	1	5	6	6	1	2	1	1	5	-0.218716049690738
195	"APT_Qs_2"	3	5	3	5	2	6	1	1	6	6	6	1	3	1	3	6	0.0151290372120439
195	"WIT_Qs_1"	3	2	5	5	1	6	1	1	6	6	6	1	7	1	1	7	0.0816666814554907
195	"WIT_Qs_2"	1	3	4	6	1	6	1	1	3	6	6	1	6	1	1	7	-0.0801241130803823
196	"APT_Qs_1"	4	3	1	2	3	3	3	3	4	6	6	1	1	1	1	5	-0.790491848520222
196	"APT_Qs_2"	1	4	3	1	4	3	3	1	6	6	6	1	1	1	1	4	-0.868696853331275
196	"WIT_Qs_1"	1	1	1	1	5	2	5	4	6	6	6	1	1	1	1	3	-1.28588986448068
196	"WIT_Qs_2"	1	1	5	1	5	2	4	3	6	6	6	1	1	1	1	3	-0.948317064992494
197	"APT_Qs_1"	3	6	2	3	3	4	1	3	3	3	6	2	2	2	2	5	-0.147041400631041
197	"APT_Qs_2"	5	5	5	6	5	5	2	3	4	5	5	3	3	4	4	3	0.902468707365551
197	"WIT_Qs_1"	3	4	4	5	3	3	4	3	4	5	5	1	2	2	3	5	0.0190925988961174
197	"WIT_Qs_2"	3	3	3	3	4	4	4	4	3	5	5	1	2	1	1	4	-0.547107933232919
198	"APT_Qs_1"	6	6	6	1	4	6	6	6	5	4	5	1	3	4	5	4	0.666873430038343
198	"APT_Qs_2"	5	6	6	5	1	6	3	2	5	6	6	1	2	3	4	7	0.676372431564884
198	"WIT_Qs_1"	4	5	6	5	3	6	4	2	3	6	6	1	2	3	4	5	0.5107713944702
198	"WIT_Qs_2"	5	6	6	6	1	6	1	1	4	6	6	1	2	3	4	7	0.757769540043061
199	"APT_Qs_1"	1	1	1	1	1	1	6	2	6	6	6	2	1	1	1	7	-1.20712810214737
199	"APT_Qs_2"	2	2	1	1	2	5	5	5	6	6	6	2	2	1	1	6	-0.965527824694742
199	"WIT_Qs_1"	1	1	1	2	5	1	6	4	6	6	6	1	1	1	1	3	-1.2044927560025
199	"WIT_Qs_2"	1	1	1	1	6	5	6	6	6	6	6	2	1	1	1	2	-1.20712810214737
200	"APT_Qs_1"	5	3	4	2	4	6	5	4	6	5	6	4	6	4	5	4	0.712561702147964
200	"APT_Qs_2"	5	3	5	2	3	6	4	2	5	5	6	5	7	5	4	5	0.951168157919449
200	"WIT_Qs_1"	4	1	2	1	4	5	6	4	4	5	6	4	6	5	4	4	0.213427206237422
200	"WIT_Qs_2"	5	2	5	2	2	6	5	4	4	6	6	5	6	6	5	6	0.949658072495036
201	"APT_Qs_1"	4	4	3	4	4	4	4	5	6	5	6	4	2	2	2	4	0.0934668580751711
201	"APT_Qs_2"	4	4	3	4	4	4	4	4	6	5	6	5	2	2	2	4	0.172228620408479
201	"WIT_Qs_1"	4	4	3	4	4	4	4	5	6	5	6	6	1	2	2	4	0.174991142383841
201	"WIT_Qs_2"	4	4	3	4	4	4	4	5	6	5	6	6	1	2	2	4	0.174991142383841
202	"APT_Qs_1"	5	6	1	1	5	5	6	3	6	6	6	1	3	2	2	3	-0.231393672848975
202	"APT_Qs_2"	2	4	1	1	4	5	6	3	6	6	6	1	2	2	2	4	-0.721393820689204
202	"WIT_Qs_1"	1	2	1	1	3	5	5	3	6	6	6	1	2	2	1	5	-1.04871661434922
202	"WIT_Qs_2"	1	1	1	1	3	5	5	3	6	6	6	1	2	2	1	5	-1.13151881815099
203	"APT_Qs_1"	6	6	6	6	3	6	4	3	3	3	6	4	5	5	5	5	1.54051454611679
203	"APT_Qs_2"	6	5	6	5	3	6	5	3	4	3	6	4	5	5	5	5	1.37631523383684
203	"WIT_Qs_1"	6	4	5	5	3	6	4	2	5	3	6	5	5	5	5	5	1.28788159249633
203	"WIT_Qs_2"	6	5	5	4	3	6	4	3	4	3	6	4	5	5	5	5	1.21052492548662
204	"APT_Qs_1"	3	4	2	2	3	4	2	2	6	5	5	2	3	3	2	5	-0.239671870383068
204	"APT_Qs_2"	3	3	2	3	2	3	2	2	6	5	5	3	3	3	2	6	-0.162315203373354
204	"WIT_Qs_1"	4	4	3	2	3	3	2	2	6	6	6	3	4	3	2	5	0.082281165473147
204	"WIT_Qs_2"	3	4	3	3	3	2	2	2	5	6	6	3	3	3	2	5	0.00488020030046352
205	"APT_Qs_1"	6	6	2	4	2	2	2	1	3	5	6	4	4	4	4	6	0.806856930578995
205	"APT_Qs_2"	6	5	4	5	1	2	2	1	4	5	6	4	4	4	4	7	0.974238234999495
205	"WIT_Qs_1"	6	5	2	3	2	2	3	2	5	6	6	3	3	3	3	6	0.330605256872488
205	"WIT_Qs_2"	4	5	3	4	1	2	3	1	3	6	6	3	3	3	3	7	0.330797898636885
206	"APT_Qs_1"	5	4	4	5	4	5	4	2	6	5	6	5	3	3	4	4	0.733027913908428
206	"APT_Qs_2"	5	5	5	5	2	6	4	2	3	6	6	4	2	5	6	6	1.0600450323616
206	"WIT_Qs_1"	3	5	2	5	3	4	3	2	6	6	6	4	2	5	5	5	0.562348213396072
206	"WIT_Qs_2"	5	5	3	4	2	5	2	2	5	6	6	5	2	3	4	6	0.574040569002029
