"Subject"	"Task"	"C_black"	"A_neg_black"	"A_pos_black"	"C_white"	"A_neg_white"	"A_pos_white"	"AResid"	"C_mean"	"IMS"	"EMS"	"Observer"
1	"APT"	0.0104018912529551	0.236502627806976	0.763497372193024	0.119670542635659	0.260319207484865	0.739680792515135	-0.334135798345222	0.065036216944307	5.6	2.2	"Present"
2	"APT"	0.0851063829787233	0.627906976744186	0.372093023255814	0.0859453993933266	0.381637168141593	0.618362831858407	0.0588314537693864	0.085525891186025	7	5.6	"Absent"
3	"APT"	0.118239660657476	0.419122068550812	0.580877931449188	0.0974025974025974	0.39568345323741	0.60431654676259	-0.149772500313912	0.107821129030037	NA	NA	"Present"
4	"APT"	0	0.601714285714286	0.398285714285714	0	0.594262295081967	0.405737704918033	0.0353779489629524	0	6.4	7.2	"Absent"
5	"APT"	0.496188496188496	0.643741403026135	0.356258596973865	0.577880184331797	0.541484716157205	0.458515283842795	0.0767251484345213	0.537034340260147	8	5.6	"Present"
6	"APT"	0	0.444444444444444	0.555555555555556	0.24290780141844	0.550351288056206	0.449648711943794	-0.122457584740489	0.12145390070922	6	3.2	"Absent"
7	"APT"	0.339124839124839	0.468354430379747	0.531645569620253	0.42049025769956	0.160520607375271	0.839479392624729	-0.103569671433062	0.3798075484122	4.6	4.8	"Present"
8	"APT"	0.162387676508344	0.465900383141762	0.534099616858237	0.118421052631579	0.283582089552239	0.716417910447761	-0.104438354224853	0.140404364569961	8.6	1.8	"Absent"
9	"APT"	0.626682986536108	0.436065573770492	0.563934426229508	0.561653116531165	0.556414219474498	0.443585780525502	-0.130758348473584	0.594168051533636	8.8	5	"Present"
10	"APT"	0.688598979013046	0.373406193078324	0.626593806921676	0.609756097560976	0.8125	0.1875	-0.190118652278015	0.649177538287011	9	5.8	"Absent"
11	"APT"	0.394781622234827	0.846298031865042	0.153701968134958	0.494949494949495	0.22	0.78	0.275140185363646	0.444865558592161	5.4	5	"Present"
12	"APT"	0	0.421792618629174	0.578207381370826	0.1875	0.307692307692308	0.692307692307692	-0.148235513973441	0.09375	5.2	6	"Absent"
13	"APT"	0.622481442205726	0.806179775280899	0.193820224719101	0.702127659574468	0.571428571428572	0.428571428571428	0.239549278464094	0.662304550890097	8.4	4	"Present"
14	"APT"	0.418604651162791	0.52	0.48	0.426739926739927	0.373801916932907	0.626198083067093	-0.0491764621839941	0.422672288951359	9	2.4	"Absent"
15	"APT"	0.630434782608696	0.529411764705882	0.470588235294118	0.705357142857143	0.353535353535353	0.646464646464647	-0.0400257855821115	0.667895962732919	4.4	1.8	"Present"
16	"APT"	0.835309617918314	0.264	0.736	0.862330623306233	0.645669291338583	0.354330708661417	-0.301674075719619	0.848820120612273	6.4	4.8	"Absent"
17	"APT"	0	0.537505972288581	0.462494027711419	0.0791666666666667	0.565610859728507	0.434389140271493	-0.0291994723764408	0.0395833333333334	9	2.6	"Present"
18	"APT"	0.223443223443223	0.264150943396226	0.735849056603773	0.157894736842105	0.40625	0.59375	-0.304607499791639	0.190668980142664	9	7	"Absent"
19	"APT"	0.719562243502052	0.580487804878049	0.419512195121951	0.826744186046512	0.134228187919463	0.865771812080537	0.00822498565121035	0.773153214774282	9	2	"Present"
20	"APT"	0.774177949709865	0.905781584582441	0.094218415417559	0.571646341463415	0.145907473309609	0.854092526690391	0.333669226112998	0.67291214558664	9	7	"Absent"
21	"APT"	0.638792102206736	0.472668810289389	0.527331189710611	0.537081339712919	0.147286821705426	0.852713178294574	-0.0994257784452278	0.587936720959827	6.2	7	"Present"
22	"APT"	0	0.543478260869565	0.456521739130435	0.234989648033126	0.284167794316644	0.715832205683356	-0.0268529310369032	0.117494824016563	5.6	3.6	"Absent"
23	"APT"	0.727106227106227	0.563758389261745	0.436241610738255	0.764673311184939	0.494117647058823	0.505882352941177	-0.00386808118246932	0.745889769145583	8.2	2.6	"Present"
24	"APT"	0.728525980911983	0.359375	0.640625	0.649113082039911	0.582938388625592	0.417061611374408	-0.207107219267701	0.688819531475947	6.4	2.6	"Absent"
25	"APT"	0.297619047619048	0.76271186440678	0.23728813559322	0.323308270676692	0.155555555555556	0.844444444444444	0.190723799309203	0.31046365914787	7.6	5	"Present"
26	"APT"	0.869022869022869	0.587301587301587	0.412698412698413	0.80958230958231	0.716129032258064	0.283870967741935	0.0225352234522109	0.839302589302589	8.6	6.4	"Absent"
27	"APT"	0.691729323308271	0.768292682926829	0.231707317073171	0.56663560111836	0.875268817204301	0.124731182795699	0.205576469559679	0.629182462213315	NA	NA	"Present"
28	"APT"	0.363636363636364	0.333333333333333	0.666666666666667	0.283816425120773	0.27150084317032	0.72849915682968	-0.237161043134493	0.323726394378568	9	5.2	"Absent"
29	"APT"	0.509569377990431	0.463414634146341	0.536585365853659	0.250675675675676	0.567177637511271	0.432822362488729	-0.103270626186849	0.380122526833053	8.8	2.2	"Present"
30	"APT"	0.410852713178295	0.565789473684211	0.434210526315789	0.255555555555556	0.328358208955224	0.671641791044776	-0.00397242626354603	0.333204134366925	7.6	7.4	"Absent"
31	"APT"	0.0454545454545454	0.738095238095238	0.261904761904762	0.174702212138401	0.70446735395189	0.29553264604811	0.173178640315289	0.110078378796473	8.8	2.6	"Present"
32	"APT"	0.230414746543779	0.37125748502994	0.62874251497006	0.0859073359073359	0.413938753959873	0.586061246040127	-0.197401906229183	0.158161041225557	9	2.8	"Absent"
33	"APT"	0.41025641025641	0.652173913043478	0.347826086956522	0.504662004662005	0.275294117647059	0.724705882352941	0.0817284042016851	0.457459207459207	7	3.2	"Present"
34	"APT"	0.041958041958042	0.759124087591241	0.240875912408759	0.0714285714285714	0.538461538461538	0.461538461538462	0.192068886301209	0.0566933066933067	6.4	5.6	"Absent"
35	"APT"	0.236868686868687	0.553275976174719	0.446724023825281	0.351761517615176	0.451505016722408	0.548494983277592	-0.0148994601026631	0.294315102241931	7.8	5	"Present"
36	"APT"	0.758547008547009	0.424778761061947	0.575221238938053	0.690789473684211	0.595744680851064	0.404255319148936	-0.141538478554748	0.72466824111561	7.8	8	"Absent"
37	"APT"	0.446859903381642	0.803493449781659	0.196506550218341	0.393154486586494	0.140243902439024	0.859756097560976	0.231308129214426	0.420007194984068	9	9	"Present"
38	"APT"	0.861498708010336	0.83955223880597	0.16044776119403	0.6375	0.827586206896552	0.172413793103448	0.276221744562738	0.749499354005168	8.4	7.6	"Absent"
39	"APT"	0	0.414201183431953	0.585798816568047	0.0492063492063493	0.373956594323873	0.626043405676127	-0.154973286089252	0.0246031746031746	8.6	3.8	"Present"
40	"APT"	0.251325556733828	0.651558073654391	0.348441926345609	0.073170731707317	0.605263157894737	0.394736842105263	0.0853634577443176	0.162248144220573	9	3.4	"Absent"
41	"APT"	0.48780487804878	0.666666666666667	0.333333333333333	0.54047619047619	0.673575129533679	0.326424870466321	0.101352093554469	0.514140534262485	7.2	5.8	"Present"
42	"APT"	0.147897897897898	0.619383259911894	0.380616740088106	0.243223443223443	0.169409486931268	0.830590513068732	0.0475736708886707	0.195560670560671	5.8	5.8	"Absent"
43	"APT"	0.606574761399788	0.442048517520216	0.557951482479784	0.543237250554324	0.800970873786408	0.199029126213592	-0.121624854137541	0.574906005977056	6.8	7	"Present"
44	"APT"	0.508305647840532	0.709459459459459	0.290540540540541	0.619047619047619	0.625	0.375	0.143519107411646	0.563676633444075	9	3	"Absent"
45	"APT"	0.604752970606629	0.740506329113924	0.259493670886076	0.639202657807309	0.128913443830571	0.871086556169429	0.168175041620898	0.621977814206969	5.4	4	"Present"
46	"APT"	0.705741626794258	0.463414634146341	0.536585365853659	0.856976744186046	0.650406504065041	0.349593495934959	-0.102198413471733	0.781359185490152	7.8	4.8	"Absent"
47	"APT"	0.30952380952381	0.344827586206897	0.655172413793103	0.378056052474657	0.299137104506232	0.700862895493768	-0.225310760531947	0.343789930999233	3.8	3	"Present"
48	"APT"	0.197212543554007	0.394965277777778	0.605034722222222	0.380487804878049	0.645669291338583	0.354330708661417	-0.170708797941841	0.288850174216028	9	6	"Absent"
49	"APT"	0.208312716476992	0.618125	0.381875	0.265494912118409	0.289672544080604	0.710327455919396	0.0478647241462768	0.2369038142977	9	7.6	"Present"
50	"APT"	0.27536231884058	0.46	0.54	0.3725768321513	0.610399397136398	0.389600602863602	-0.106128447268701	0.32396957549594	6	5.2	"Absent"
51	"APT"	0.657875457875458	0.749464668094218	0.250535331905782	0.623015873015873	0.189473684210526	0.810526315789474	0.177913560152526	0.640445665445665	7	6.8	"Present"
52	"APT"	0.384496124031008	0.566750629722922	0.433249370277078	0.332562442183164	0.446292446292446	0.553707553707554	-0.00149195854781119	0.358529283107086	7	3.4	"Absent"
54	"APT"	0.505928853754941	0.736	0.264	0.348989898989899	0.546159813809154	0.453840186190846	0.169043973299915	0.42745937637242	9	4.4	"Absent"
55	"APT"	0.238900634249471	0.641666666666667	0.358333333333333	0.0383720930232558	0.532043530834341	0.467956469165659	0.0745287840946648	0.138636363636364	6.6	2.2	"Present"
56	"APT"	0.658730158730159	0.837209302325581	0.162790697674419	0.532051282051282	0.178082191780822	0.821917808219178	0.265511441177543	0.59539072039072	7.4	7	"Absent"
57	"APT"	0.703571428571429	0.759036144578313	0.240963855421687	0.764473684210526	0.106145251396648	0.893854748603352	0.186411541239011	0.734022556390977	6.6	3.2	"Present"
58	"APT"	0.333333333333333	0.678571428571428	0.321428571428571	0.326148610323313	0.276094276094276	0.723905723905724	0.108136227932747	0.329740971828323	8.6	3	"Absent"
59	"APT"	0.144672531769306	0.283428571428571	0.716571428571429	0	0.455252918287938	0.544747081712062	-0.284698581748488	0.072336265884653	2.3	2.6	"Present"
60	"APT"	0.106271777003484	0.600389863547758	0.399610136452242	0.334146341463415	0.549450549450549	0.450549450549451	0.0334762304154688	0.220209059233449	9	6.6	"Absent"
61	"APT"	0	0.666666666666667	0.333333333333333	0.222222222222222	0.392857142857143	0.607142857142857	0.0977356872865528	0.111111111111111	8.2	8	"Present"
62	"APT"	0.643892339544513	0.732558139534884	0.267441860465116	0.759725400457666	0.452380952380953	0.547619047619047	0.164393987675873	0.70180887000109	9	1.8	"Absent"
63	"APT"	0.277161862527716	0.371165644171779	0.628834355828221	0.618487394957983	0.0748898678414097	0.92511013215859	-0.201861612970842	0.44782462874285	8	5.2	"Present"
64	"APT"	0	0.572519083969466	0.427480916030534	0	0.625	0.375	0.00657873192165266	0	5.6	5.4	"Absent"
65	"APT"	0.512820512820513	0.578947368421053	0.421052631578947	0.274725274725275	0.671717171717172	0.328282828282828	0.0136088597913172	0.393772893772894	5	6.8	"Present"
66	"APT"	0.296563192904656	0.549251379038613	0.450748620961387	0.437070938215103	0.579268292682927	0.420731707317073	-0.01727812098273	0.36681706555988	9	7	"Absent"
67	"APT"	0.393434343434343	0.512905911740216	0.487094088259783	0.540135396518375	0.444794952681388	0.555205047318612	-0.0553559682949856	0.466784869976359	7.2	3.2	"Present"
68	"APT"	0.248809523809524	0.63391442155309	0.36608557844691	0.029951690821256	0.358565737051793	0.641434262948207	0.0645416761986679	0.13938060731539	3.4	2	"Absent"
69	"APT"	0.623931623931624	0.590909090909091	0.409090909090909	0.375565610859729	0.246376811594203	0.753623188405797	0.0200910490205241	0.499748617395676	6.6	4.2	"Present"
70	"APT"	0.395652173913043	0.496402877697842	0.503597122302158	0.291304347826087	0.153374233128834	0.846625766871166	-0.0756132887272979	0.343478260869565	9	9	"Absent"
71	"APT"	0.636363636363636	0.8125	0.1875	0.451086956521739	0.316831683168317	0.683168316831683	0.242589607251349	0.543725296442688	7.6	6.6	"Present"
72	"APT"	0.195121951219512	0.515151515151515	0.484848484848485	0.315789473684211	0.269230769230769	0.730769230769231	-0.0553721060031968	0.255455712451861	6.4	7	"Absent"
73	"APT"	0.371428571428571	0.681818181818182	0.318181818181818	0.545571245186136	0.536723163841808	0.463276836158192	0.114740585565344	0.458499908307354	9	8.4	"Present"
74	"APT"	0.735772357723577	0.630769230769231	0.369230769230769	0.763888888888889	0.529411764705882	0.470588235294118	0.0635974439375292	0.749830623306233	3.2	6	"Absent"
75	"APT"	0	0.530120481927711	0.469879518072289	0.0720930232558139	0.323308270676692	0.676691729323308	-0.0397064748717968	0.036046511627907	6.6	3.4	"Present"
76	"APT"	0.653846153846154	0.518518518518519	0.481481481481481	0.603174603174603	0.28	0.72	-0.0518663658416061	0.628510378510378	9	4.8	"Absent"
77	"APT"	0.453488372093023	0.914893617021277	0.0851063829787234	0.693059628543499	0.789808917197452	0.210191082802548	0.35107644919909	0.573274000318261	9	8	"Present"
78	"APT"	0.581447963800905	0.632432432432432	0.367567567567568	0.521337126600285	0.604754829123328	0.395245170876672	0.0662312678740988	0.551392545200595	9	2.8	"Absent"
79	"APT"	0.542441860465116	0.508259212198221	0.491740787801779	0.401515151515151	0.341772151898734	0.658227848101266	-0.0613298799151936	0.471978505990134	8.2	7	"Present"
80	"APT"	0.286304909560724	0.782041998551774	0.217958001448226	0.270833333333333	0.542857142857143	0.457142857142857	0.215043424524839	0.278569121447028	5	5	"Absent"
81	"APT"	0.4	0.5	0.5	0.661904761904762	0.704225352112676	0.295774647887324	-0.0649197154176128	0.530952380952381	5.4	5.2	"Present"
82	"APT"	0	0.440860215053763	0.559139784946237	0	0.490081680280047	0.509918319719953	-0.126818249549174	0	NA	NA	"Absent"
83	"APT"	0.580286168521463	0.579545454545454	0.420454545454546	0.505900865460267	0.542993630573248	0.457006369426752	0.0125486388491413	0.543093516990865	8.2	3.4	"Present"
84	"APT"	0.00188560653676928	0.487405541561713	0.512594458438287	0.129679144385027	0.391705069124424	0.608294930875576	-0.0815402796413901	0.065782375460898	7.2	4.2	"Absent"
85	"APT"	0.595225739491437	0.578205128205128	0.421794871794872	0.632723112128146	0.355140186915888	0.644859813084112	0.00878825250790434	0.613974425809792	8	7.4	"Present"
86	"APT"	0.198781838316722	0.564616447823082	0.435383552176918	0.383333333333333	0.504504504504504	0.495495495495495	-0.00287621182826035	0.291057585825028	8.4	2.2	"Absent"
87	"APT"	0.638888888888889	0.307692307692308	0.692307692307692	0.442857142857143	0.358974358974359	0.641025641025641	-0.261675173507511	0.540873015873016	7.2	5.2	"Present"
88	"APT"	0.0185185185185186	0.60377358490566	0.39622641509434	0.229166666666667	0.567567567567568	0.432432432432432	0.0370933479253239	0.123842592592593	NA	NA	"Absent"
89	"APT"	0.822916666666667	0.470588235294118	0.529411764705882	0.675287356321839	0.256637168141593	0.743362831858407	-0.100097625474998	0.749102011494253	NA	NA	"Present"
90	"APT"	0.162790697674419	0.388888888888889	0.611111111111111	0.33596837944664	0.410714285714286	0.589285714285714	-0.179812042234894	0.249379538560529	NA	NA	"Absent"
91	"APT"	0.175	0.454545454545455	0.545454545454545	0.375	0.2	0.8	-0.116870046003032	0.275	8	6	"Present"
92	"APT"	0.488953488372093	0.364050056882821	0.635949943117179	0.590909090909091	0.333333333333333	0.666666666666667	-0.205647750018395	0.539931289640592	7.6	6	"Absent"
93	"APT"	0.268627450980392	0.638069705093834	0.361930294906166	0.25	0	1	0.0640776640744417	0.259313725490196	6.2	3	"Present"
94	"APT"	0.584415584415584	0.65625	0.34375	0.544698544698545	0.168949771689498	0.831050228310502	0.0844344886021487	0.564557064557065	9	6.8	"Absent"
95	"APT"	0.567567567567568	0.5625	0.4375	0.686011904761905	0.303317535545024	0.696682464454976	-0.00758449149005706	0.626789736164736	9	4.2	"Present"
96	"APT"	0.623791102514507	0.604113110539846	0.395886889460154	0.460520094562648	0.329535495179667	0.670464504820333	0.0343663772201049	0.542155598538577	9	6.2	"Absent"
97	"APT"	0.695726495726496	0.926966292134831	0.0730337078651686	0.539655172413793	0.325842696629214	0.674157303370786	0.35717198559051	0.617690834070144	7.2	7	"Present"
98	"APT"	0.00532945736434115	0.350706283487579	0.649293716512421	0.130434782608696	0.35	0.65	-0.218776811707729	0.0678821199865184	9	6	"Absent"
99	"APT"	0.487148102815178	0.589498806682578	0.410501193317422	0.521367521367521	0.464285714285714	0.535714285714286	0.0214880203277871	0.504257812091349	8.2	4.4	"Present"
100	"APT"	0.535378525482434	0.549520766773163	0.450479233226837	0.512714063310846	0.349307774227902	0.650692225772098	-0.0199712461607289	0.52404629439664	4.4	5.2	"Absent"
101	"APT"	0.342789598108747	0.676258992805755	0.323741007194245	0.360683760683761	0.27807486631016	0.72192513368984	0.105849307521312	0.351736679396254	NA	NA	"Present"
